Given example
[[0], [1, 2, 5]]
vfile
9
0 1
1 2
2 2
3 2
4 1
5 2
6 0
7 0
8 1

efile
12
0 1
1 2
0 3
1 4
2 5
3 4
4 5
3 6
4 7
5 8
6 7
7 8

Empty example
[]
vfile
0

efile
0

our test case 1
[[0], [1, 2, 5], [4, 7, 6, 8], [3]]
vfile
9
0 1
1 2
2 2
3 2
4 1
5 2
6 1
7 1
8 1

efile
12
0 1
1 2
0 3
1 4
2 5
3 4
4 5
3 6
4 7
5 8
6 7
7 8

our test case 2
[[0], [1, 2, 5], [4], [3, 6, 7], [8]]
vfile
9
0 1
1 2
2 2
3 2
4 1
5 2
6 2
7 2
8 1

efile
12
0 1
1 2
0 3
1 4
2 5
3 4
4 5
3 6
4 7
5 8
6 7
7 8

our test case 3
[[0], [1, 2, 5]]
vfile
9
0 1
1 2
2 2
3 2
4 1
5 2
6 2
7 0
8 1

efile
12
0 1
1 2
0 3
1 4
2 5
3 4
4 5
3 6
4 7
5 8
6 7
7 8

our test case 4
[[11]]
vfile
13
0 1
1 1
2 1
3 1
4 2
5 1
6 1
7 0
8 1
9 1
10 1
11 1
12 1

efile
17
0 1
1 2
0 3
2 4
2 5
4 5
3 6
3 7
4 7
6 7
5 8
7 8
6 9
9 10
8 12
7 10
4 11

our test case 5
[[0], [1, 2, 5], [3]]
vfile
9
0 1
1 2
2 2
3 2
4 1
5 2
6 1
7 0
8 1

efile
12
0 1
1 2
0 3
1 4
2 5
3 4
4 5
3 6
4 7
5 8
6 7
7 8

our test case 6
[[0, 4, 8, 12, 5], [1], [2], [3], [6, 10, 11, 9, 13], [7], [14, 15]]
vfile
16
0 2
1 1
2 2
3 1
4 2
5 2
6 1
7 2
8 2
9 1
10 1
11 1
12 2
13 1
14 2
15 2

efile
24
0 1
1 2
2 3
0 4
1 5
2 6
3 7
4 5
5 6
6 7
4 8
5 9
6 10
7 11
8 9
9 10
10 11
8 12
9 13
10 14
11 15
12 13
13 14
14 15

our test case 7
[[0, 3, 1, 2], [4, 7, 8, 5, 6]]
vfile
9
0 2
1 2
2 2
3 2
4 1
5 1
6 1
7 1
8 1

efile
12
0 1
1 2
0 3
1 4
2 5
3 4
4 5
3 6
4 7
5 8
6 7
7 8

our test case 8
[]
vfile
9
0 1
1 2
2 2
3 1
4 2
5 2
6 1
7 1
8 0

efile
12
0 1
1 2
0 3
1 4
2 5
3 4
4 5
3 6
4 7
5 8
6 7
7 8

jin random 1
[[3, 48, 59], [12], [20], [31], [36]]
vfile
76
46 0
4 0
40 1
13 1
1 1
59 2
3 2
48 2
36 1
31 2
32 1
64 1
6 1
67 0
50 0
45 0
52 2
38 1
51 1
26 1
66 0
8 1
63 0
23 1
54 1
37 0
35 0
75 0
70 2
58 2
18 1
25 1
28 1
16 0
5 0
62 0
61 2
68 1
2 1
34 1
0 0
71 2
27 2
20 1
22 2
30 0
73 2
69 1
41 0
42 2
10 0
74 0
29 1
60 1
7 1
65 0
11 0
33 2
39 2
9 2
17 2
43 0
15 0
57 0
53 2
55 1
44 0
24 1
21 0
56 1
12 2
14 1
19 0
47 1
72 0
49 1

efile
75
57 15
32 64
40 13
22 30
17 43
25 28
75 70
48 36
65 11
33 11
19 14
44 55
26 66
64 6
40 4
16 5
41 42
72 49
60 29
9 17
43 15
25 18
27 20
2 34
5 62
61 62
73 30
56 12
74 29
65 7
73 69
58 70
27 71
56 21
1 59
0 71
4 46
10 74
48 3
50 45
26 51
3 59
41 69
60 7
9 39
53 55
58 18
54 23
68 61
1 13
51 38
35 37
75 35
32 31
23 63
20 22
12 14
24 44
8 66
67 6
42 10
52 45
52 38
8 63
33 39
57 53
19 47
36 31
72 47
37 54
2 68
16 28
50 67
24 21
0 34

jin random 2
[[2]]
vfile
7
2 2
5 1
6 0
3 0
4 0
0 0
1 1

efile
6
3 4
0 1
3 6
2 5
0 4
5 6

jin random 3
[[2], [3, 5, 45], [4, 12], [7], [14, 55], [19], [22], [23], [32], [36], [38], [41], [56]]
vfile
61
32 1
19 2
56 1
36 2
2 1
60 2
37 0
1 2
58 2
31 2
53 0
18 0
50 2
44 2
21 2
11 2
10 2
25 1
48 0
8 1
30 0
15 0
34 0
43 1
55 2
14 2
9 1
33 0
20 0
6 2
57 1
52 1
29 1
51 0
16 1
22 2
3 1
5 1
45 1
4 2
12 2
41 1
24 2
26 0
39 0
59 2
54 0
0 1
49 0
40 2
7 1
23 2
38 1
17 2
13 0
35 2
47 1
42 0
28 1
27 0
46 0

efile
60
56 36
30 15
38 23
43 55
18 53
0 54
44 21
10 11
23 7
0 49
48 8
34 43
42 47
16 22
14 55
52 29
41 12
27 46
11 21
33 20
17 38
8 30
57 6
3 5
9 14
53 31
27 28
56 19
16 51
40 49
2 60
40 7
24 41
32 19
1 37
20 6
4 45
18 50
24 26
25 10
58 31
59 39
1 58
51 29
17 13
34 15
35 13
35 47
57 52
42 28
2 36
3 22
60 37
48 25
4 12
59 54
45 5
26 39
9 33
50 44

jin random 4
[[3, 16, 78, 31, 33, 76], [20, 82], [22, 74], [25], [26, 45], [32, 68], [37], [41], [44], [51], [62], [64], [77], [84], [91]]
vfile
95
55 0
4 1
73 1
64 2
14 1
52 1
47 0
13 2
80 2
10 0
8 2
61 0
36 0
1 0
58 2
59 1
35 1
66 0
42 1
31 2
16 2
3 2
78 2
33 2
76 2
75 1
87 1
57 0
0 2
60 0
17 0
40 2
30 2
84 1
92 2
34 0
18 0
19 0
27 0
43 0
15 1
7 1
70 1
79 1
65 1
67 1
41 2
32 1
68 1
26 2
45 2
37 1
69 2
53 2
11 2
2 2
56 0
63 2
49 2
29 0
86 2
51 1
25 2
82 1
20 1
62 2
91 1
44 2
9 1
89 0
50 1
5 0
38 2
94 0
88 1
90 0
12 1
22 2
74 2
83 1
28 1
39 0
21 0
85 2
77 1
6 2
48 0
71 0
46 2
54 2
72 0
24 0
93 0
81 0
23 0

efile
94
27 19
40 17
58 59
2 11
84 92
43 15
83 28
72 24
65 67
52 47
0 60
65 79
85 21
72 54
50 5
21 39
1 58
74 22
40 30
94 38
66 42
77 6
7 15
64 73
33 78
70 79
1 36
56 2
89 50
54 46
8 10
17 60
34 18
46 71
88 90
64 14
12 22
26 68
20 62
32 68
91 44
70 7
37 45
43 27
48 6
84 30
52 14
16 3
42 31
89 9
80 13
28 39
53 69
8 61
4 55
75 87
41 67
90 12
57 87
18 19
48 71
35 59
36 61
3 78
69 37
24 93
81 23
49 29
29 86
16 31
75 76
80 10
74 83
56 63
26 45
5 38
25 51
51 86
13 47
73 4
25 82
9 44
91 62
33 76
66 35
34 92
77 85
0 57
88 94
11 53
32 41
49 63
82 20
81 93

jin random 5
[[17, 44], [46], [47, 66], [72], [77], [95]]
vfile
96
40 0
28 0
30 1
16 2
93 2
79 2
94 0
25 0
82 2
73 0
48 1
89 2
6 0
10 0
12 0
4 1
37 0
75 2
63 1
83 1
11 0
81 0
90 0
34 1
32 0
84 2
77 1
26 2
15 2
42 0
7 0
92 0
23 0
0 0
55 1
46 2
2 1
67 0
52 1
71 2
50 0
58 1
70 0
45 1
29 2
76 0
8 0
54 1
85 2
20 0
56 2
9 1
24 0
35 2
65 0
36 2
41 2
72 1
33 2
31 0
13 1
17 2
44 2
69 1
21 0
49 1
62 1
5 0
74 0
60 0
64 0
43 0
78 2
57 2
87 2
51 0
86 1
91 2
22 0
80 1
59 2
38 2
61 0
14 2
66 1
47 1
3 2
19 2
53 2
88 0
39 1
18 1
95 2
1 1
68 0
27 0

efile
95
0 55
50 58
74 60
21 69
17 44
5 62
8 76
72 33
64 43
66 14
65 36
83 63
42 7
1 68
24 9
16 93
64 60
32 34
85 54
10 12
26 15
40 28
56 9
27 68
41 36
19 53
29 45
66 47
1 95
11 83
84 77
57 78
90 34
81 11
75 37
19 3
17 13
49 21
42 15
8 54
10 6
12 4
50 71
48 73
33 31
61 38
52 71
65 35
59 38
28 30
2 46
25 94
2 67
57 87
58 70
80 59
73 82
18 39
74 5
3 47
72 41
92 23
49 62
91 22
67 52
44 69
94 79
32 84
26 77
91 86
93 79
16 30
92 7
61 14
48 89
51 86
75 63
25 82
24 35
13 31
88 39
20 85
56 20
89 6
18 95
81 90
46 55
80 22
43 78
76 29
4 37
0 23
45 70
51 87
88 53

jin random 6
[[3], [5], [16]]
vfile
27
17 0
12 1
5 2
16 1
3 2
21 1
26 1
25 1
14 0
22 2
2 2
7 2
24 0
20 1
6 2
23 0
9 0
19 0
0 0
10 2
11 1
13 0
15 0
1 2
4 0
8 0
18 2

efile
26
1 4
3 21
1 15
17 12
24 7
16 5
10 11
24 20
0 19
8 18
14 22
11 13
13 15
20 6
6 23
0 10
12 5
2 7
9 23
25 26
8 4
2 22
25 14
26 21
16 3
9 19

jin random 7
[[2, 4, 18], [3, 6], [5], [23, 69, 44], [37], [53], [62]]
vfile
71
14 1
49 0
36 1
24 1
68 1
51 0
8 0
60 0
38 2
54 0
19 2
28 1
47 1
12 1
61 0
25 2
56 0
29 0
0 0
33 2
52 1
10 0
17 1
34 1
37 2
5 1
53 2
11 1
48 1
13 0
46 2
69 1
23 1
44 1
6 2
3 2
39 1
50 0
21 1
27 0
35 1
20 2
70 0
66 0
30 0
63 1
32 1
7 1
15 0
42 2
59 0
41 0
55 2
67 0
57 2
9 1
65 0
16 1
22 2
43 2
40 2
26 2
1 0
45 2
58 2
62 1
18 2
2 2
4 2
31 1
64 0

efile
70
19 54
56 29
17 10
57 67
66 30
35 27
58 62
4 31
67 55
50 21
41 59
32 7
64 31
19 28
56 25
0 29
1 45
16 22
48 13
8 51
24 68
24 36
12 61
2 4
54 38
0 33
48 11
41 55
12 47
10 52
5 37
35 20
40 43
49 36
66 70
3 6
51 68
42 59
33 52
34 37
13 46
69 23
58 45
25 61
27 21
60 38
53 5
50 39
18 62
11 53
1 26
69 46
20 70
42 15
18 2
3 39
32 63
44 6
65 9
57 9
8 60
28 47
44 23
30 63
49 14
16 65
17 34
15 7
43 22
40 26

jin random 8
[[4], [6, 59], [18], [22], [27], [45], [49], [55], [68], [70]]
vfile
73
6 2
59 2
57 1
2 0
3 2
18 1
45 2
12 1
67 0
66 2
9 2
11 0
51 0
17 2
27 1
70 2
63 1
60 0
19 2
37 2
23 0
16 0
14 2
46 2
68 1
33 2
24 0
42 0
21 1
20 0
32 2
5 2
58 2
55 1
29 2
30 0
15 2
26 2
53 2
38 2
10 0
1 1
65 1
39 2
25 2
71 2
41 0
28 1
48 0
0 1
4 2
44 1
61 1
62 0
54 2
50 2
40 0
64 1
56 1
49 2
22 1
69 2
52 2
47 2
36 2
43 2
35 0
72 0
34 2
8 0
13 1
7 0
31 0

efile
72
31 7
2 3
67 12
42 21
30 15
25 39
68 46
25 71
72 35
58 5
69 22
40 50
70 63
1 10
40 64
29 30
44 61
24 33
61 62
18 45
54 62
56 49
0 4
46 14
57 59
59 6
9 11
32 20
60 63
48 28
58 55
4 44
17 27
33 68
57 2
18 3
37 23
52 69
52 47
35 43
17 51
51 11
16 14
36 47
64 56
8 34
43 36
66 67
24 42
65 1
8 13
20 21
26 15
48 0
19 60
19 37
49 22
32 5
27 70
53 38
41 71
13 7
10 38
16 23
26 53
9 66
65 39
72 34
12 45
29 55
41 28
50 54

jin random 9
[[0], [5], [11], [12], [15], [18], [19], [22], [27], [35]]
vfile
36
1 1
21 0
13 1
32 0
31 2
15 1
5 2
22 1
0 2
12 1
35 2
27 1
4 2
16 0
25 1
17 0
28 0
7 1
19 2
23 1
26 0
20 0
6 0
2 2
8 2
33 0
30 2
24 1
14 0
29 2
11 1
18 2
3 1
9 1
34 0
10 1

efile
35
25 17
8 2
29 14
9 3
27 35
2 6
24 14
11 29
0 12
0 22
16 4
19 23
24 30
26 23
13 21
28 7
9 34
27 4
18 3
19 7
8 33
33 30
20 6
34 10
15 31
5 15
32 13
5 22
17 28
16 25
32 31
1 21
18 11
35 12
26 20

jin random 10
[[1, 35, 8], [10], [16, 17], [30, 36], [42], [46]]
vfile
50
16 1
17 1
10 2
46 1
42 2
48 1
2 1
21 1
14 0
7 1
27 0
23 0
41 2
34 2
44 0
43 2
29 2
25 1
24 0
40 0
39 2
22 0
13 0
15 1
0 1
26 1
20 0
45 0
4 2
5 1
49 1
47 0
37 0
19 1
31 0
9 2
6 0
33 2
11 2
32 0
18 2
35 1
1 1
8 1
36 2
30 2
38 1
3 1
28 0
12 1

efile
49
17 10
28 12
20 45
43 44
3 38
4 5
19 31
33 11
10 46
14 7
27 7
27 23
0 26
41 34
9 6
16 17
42 46
18 35
37 47
43 29
24 25
1 35
8 1
22 39
8 36
21 14
25 29
13 15
4 45
48 42
2 21
36 30
48 2
40 39
9 31
32 11
32 18
49 5
24 40
19 37
13 22
38 30
3 28
41 23
49 47
26 20
0 15
34 44
33 6

jin random 11
[[14, 52, 68], [39], [55]]
vfile
76
60 0
26 1
57 2
33 0
13 1
16 0
30 1
47 1
38 0
61 0
73 2
27 0
5 1
35 0
15 2
4 0
28 2
50 1
65 0
36 1
44 1
25 0
24 1
12 0
21 2
54 0
9 1
41 1
55 2
39 1
11 2
64 0
17 2
72 2
66 1
43 0
46 0
7 2
18 0
74 2
70 1
53 0
40 2
68 1
52 1
14 1
23 2
6 0
31 1
22 0
51 2
10 1
58 0
19 0
67 0
62 2
56 2
37 2
20 2
3 0
2 0
63 1
42 1
34 1
45 1
48 0
8 0
29 2
59 0
0 0
69 1
71 2
1 0
75 1
32 0
49 0

efile
75
34 45
1 71
74 70
2 3
61 38
35 15
12 21
57 26
43 46
67 62
73 27
14 23
6 31
40 68
59 29
4 28
48 8
18 7
2 63
42 34
65 50
64 17
39 55
22 31
42 63
9 54
32 49
16 13
24 25
21 54
72 66
41 55
65 36
24 12
32 75
11 39
51 22
64 11
9 41
0 59
1 75
30 47
57 33
73 61
18 74
6 23
66 43
36 44
25 44
20 37
53 70
68 52
8 29
0 69
40 53
50 28
10 58
48 45
3 20
27 5
46 7
67 19
35 5
4 15
72 17
26 60
56 62
58 19
56 37
16 30
10 51
52 14
69 71
38 47
33 13

jin random 12
[[2], [5, 22], [11], [12, 44], [18], [32], [37], [38], [55, 70, 63], [62]]
vfile
71
12 2
44 2
11 1
49 2
67 0
28 0
20 2
23 2
40 0
24 2
15 0
21 0
29 0
58 0
41 2
30 1
66 1
4 0
1 2
38 1
22 2
5 2
37 1
62 2
0 1
13 0
48 1
54 0
39 0
50 1
56 2
35 2
60 0
42 0
19 0
27 2
8 0
64 1
2 2
70 1
55 1
63 1
53 2
57 0
7 1
47 0
17 1
14 0
68 1
33 0
9 0
59 1
52 1
43 0
34 2
61 1
10 0
3 1
16 0
6 2
45 2
25 2
31 0
26 0
51 0
65 0
36 1
69 0
46 2
18 1
32 2

efile
70
1 4
12 44
29 21
66 30
27 19
9 59
8 27
8 64
65 51
28 20
42 60
17 47
16 6
0 62
70 55
11 44
24 15
56 35
26 31
0 13
34 43
2 70
48 13
37 62
65 36
33 68
66 4
17 14
37 5
35 60
64 2
34 61
36 69
43 52
57 7
63 55
26 51
41 58
5 22
67 28
47 7
53 63
42 19
49 67
10 61
25 45
32 18
50 39
45 6
59 52
40 24
18 46
69 46
1 38
48 54
40 23
21 15
38 22
54 39
57 53
49 11
68 14
10 3
41 30
56 50
58 29
33 9
16 3
25 31
20 23

jin random 13
[[0, 34], [2, 29, 7], [5], [22, 55], [33], [45]]
vfile
57
22 1
55 1
33 2
45 1
48 2
54 0
26 0
1 1
38 2
46 0
37 0
32 2
5 1
0 2
34 2
19 1
9 1
21 0
18 0
20 0
14 2
25 0
24 0
36 2
27 2
17 0
53 2
35 0
31 0
50 1
16 1
51 2
23 2
44 2
12 0
40 2
13 0
42 2
28 2
30 2
52 0
56 0
47 0
6 1
7 2
2 2
29 2
4 1
15 1
39 1
8 0
10 2
43 0
49 2
41 0
11 1
3 1

efile
56
49 41
40 13
44 12
50 31
37 46
16 50
33 45
2 29
8 39
35 31
56 47
0 5
40 12
26 54
20 14
33 55
9 21
28 30
4 29
6 47
41 11
46 38
42 13
24 36
8 10
39 15
24 25
32 37
17 27
51 23
16 51
3 11
18 20
22 55
17 53
49 43
6 7
10 43
48 45
52 30
2 7
34 19
1 26
32 5
18 21
42 28
1 38
48 54
4 15
25 14
27 36
44 23
35 53
56 52
9 19
0 34

jin random 14
[[12], [22]]
vfile
41
36 0
31 0
4 0
8 0
28 0
33 0
21 2
12 1
17 2
2 0
14 1
38 0
15 2
32 1
9 0
23 1
19 1
26 0
3 0
40 1
0 0
10 0
11 1
1 1
37 0
18 2
29 2
24 2
27 2
39 0
13 1
34 0
6 2
20 2
25 1
35 0
5 1
22 2
7 1
30 1
16 0

efile
40
17 12
24 27
12 21
34 13
4 31
19 23
32 15
33 28
10 11
40 3
13 39
17 2
27 39
25 35
26 3
34 6
1 37
18 37
20 6
0 10
25 20
30 7
40 0
5 22
38 15
2 14
38 14
24 29
9 23
1 11
35 5
18 29
8 28
32 9
33 21
36 31
16 30
22 7
26 19
8 4

jin random 15
[[0], [4, 59], [22, 25, 28, 68], [29], [33], [40], [42], [51], [53], [61], [74], [77]]
vfile
80
7 0
66 2
42 1
35 2
48 2
9 0
20 0
69 0
19 2
64 0
47 2
34 0
60 1
70 2
67 0
27 1
15 1
12 0
63 1
57 0
75 2
43 0
30 0
32 1
56 0
18 0
16 1
5 1
38 1
53 2
61 1
54 2
1 0
49 1
74 2
4 1
59 1
40 2
29 1
0 2
26 1
31 0
21 0
71 2
50 0
3 0
6 1
36 1
51 2
24 1
13 0
2 2
44 2
52 0
14 1
79 1
23 2
78 0
41 1
68 2
25 2
22 2
28 2
62 1
45 1
65 1
11 1
8 1
55 0
73 2
33 1
37 2
10 2
58 0
17 1
46 0
72 0
39 2
76 2
77 1

efile
79
59 4
64 47
65 11
19 69
32 30
51 36
48 35
56 18
1 49
40 59
17 58
78 23
0 29
23 79
2 44
67 70
44 52
61 53
66 42
76 77
57 63
61 54
25 22
43 75
66 7
16 5
32 56
20 69
60 70
0 26
27 15
42 35
21 71
34 47
49 74
41 78
65 45
64 19
50 71
8 55
24 13
52 14
24 51
76 39
28 22
1 54
72 39
26 31
2 13
40 29
17 46
10 37
3 6
33 37
16 18
10 58
8 11
36 6
5 38
28 62
74 4
9 20
12 63
73 33
45 62
41 68
14 79
57 75
21 31
25 68
48 9
43 30
50 3
53 38
73 55
12 15
27 67
34 60
72 46

jin random 16
[[7, 73], [10], [26], [42], [55], [57], [60], [61], [65], [66], [68], [69], [75], [77], [80]]
vfile
81
46 0
38 0
6 0
20 2
22 0
32 2
70 2
69 1
18 2
33 0
11 1
13 1
65 2
7 1
73 1
42 2
52 1
54 0
56 2
51 2
23 0
71 2
36 0
14 2
30 0
49 0
29 0
21 0
0 2
12 1
31 0
35 1
79 2
74 2
1 2
5 2
4 0
24 0
2 1
60 2
57 1
77 2
67 1
45 0
19 1
28 0
72 1
76 1
50 0
47 2
25 2
44 0
43 1
26 2
61 1
63 2
40 0
3 2
34 2
10 1
68 2
15 1
59 0
62 1
53 1
80 2
66 1
64 2
48 2
58 0
78 1
55 2
75 1
41 2
39 2
9 2
16 0
37 1
17 1
27 1
8 1

efile
80
38 6
40 63
59 62
17 37
32 22
38 46
35 79
51 23
16 37
1 74
67 77
64 66
56 54
42 52
73 42
14 30
36 14
24 2
4 5
75 55
26 43
56 51
35 31
19 45
0 21
73 7
65 7
17 27
41 75
52 54
26 61
74 79
34 10
64 48
25 44
53 62
57 77
71 23
20 22
32 70
69 70
33 18
0 12
65 13
72 28
19 28
36 71
18 69
34 3
12 31
2 60
68 15
16 9
49 29
41 39
20 6
10 68
9 39
1 5
80 53
25 47
59 15
21 29
43 44
8 27
33 11
61 63
24 4
80 66
50 76
40 3
49 30
57 60
50 47
11 13
48 58
58 78
78 55
67 45
72 76

jin random 17
[[5], [22]]
vfile
25
7 0
24 2
20 1
11 1
0 1
2 1
23 0
19 0
15 0
18 2
5 1
22 2
1 1
13 1
12 0
8 1
4 2
9 0
16 1
6 1
10 1
21 0
3 1
14 1
17 0

efile
24
3 21
18 15
1 22
24 7
2 23
19 23
0 11
16 6
9 4
24 20
0 2
8 12
17 14
16 9
5 22
3 14
18 5
1 13
10 21
10 6
19 15
11 20
12 13
8 4

jin random 18
[[45], [46], [50], [51]]
vfile
53
44 0
5 0
18 0
3 2
2 0
8 2
46 1
22 2
10 0
43 2
27 2
50 1
25 2
17 0
9 2
35 2
1 2
48 0
49 1
30 1
6 1
16 0
26 2
12 2
28 0
11 0
29 1
13 0
41 2
19 0
21 1
42 0
34 2
0 2
31 1
37 0
47 2
32 0
33 2
51 1
45 2
7 1
15 1
4 0
39 2
52 0
20 0
23 1
14 1
40 0
24 1
38 2
36 0

efile
52
8 2
25 17
12 28
2 3
42 21
24 38
44 5
10 22
11 29
33 51
45 7
15 7
14 23
48 49
16 6
32 33
17 9
9 35
52 20
48 1
16 26
37 31
42 34
49 30
1 35
37 47
41 13
51 45
11 28
18 3
26 12
50 27
46 22
19 21
10 43
18 5
32 47
4 39
40 24
52 39
36 38
20 23
27 43
4 15
0 31
30 6
8 46
41 19
40 14
25 50
13 29
0 34

jin random 19
[[1], [18], [19]]
vfile
64
62 2
59 0
58 1
51 1
52 1
45 0
54 1
47 1
29 1
61 2
37 0
13 2
27 2
22 1
20 1
30 0
36 2
8 0
6 0
26 1
60 2
42 2
63 0
3 0
11 1
40 1
14 2
32 0
55 0
4 0
15 2
9 1
57 1
10 0
12 2
31 1
34 0
49 1
43 1
2 1
7 2
23 0
17 1
46 0
50 2
21 0
24 1
5 1
33 0
28 0
38 0
35 1
44 1
1 2
19 1
18 2
53 1
48 1
0 1
41 1
56 1
25 0
16 1
39 1

efile
63
1 44
13 37
59 62
50 21
58 59
54 47
42 60
18 53
33 28
23 7
51 52
2 43
56 25
4 55
26 6
20 30
48 53
27 13
3 63
42 63
32 14
12 31
27 22
8 36
61 29
1 19
18 19
57 10
28 38
11 3
58 51
9 15
37 61
34 31
50 46
29 47
17 46
24 5
16 39
33 5
49 43
32 55
35 38
36 30
10 12
8 6
48 0
16 25
2 7
45 54
56 41
35 44
4 15
0 41
49 34
52 45
26 60
9 57
40 14
17 23
40 11
20 22
24 21

jin random 20
[[3, 71, 39, 13, 20, 56], [12], [18, 49, 51, 53, 43, 54, 42], [22], [29], [31, 48], [45], [52], [58], [61]]
vfile
73
31 1
48 1
29 2
1 1
32 1
26 1
40 1
9 0
46 0
33 0
15 2
8 0
30 1
14 2
38 2
5 0
0 1
59 1
70 1
16 0
19 0
17 2
27 1
6 1
65 1
11 0
67 0
69 2
41 0
34 1
64 2
7 2
28 0
23 1
58 2
45 1
56 2
20 2
13 2
39 2
71 2
3 2
10 1
60 0
24 1
63 0
4 2
72 2
66 1
37 0
21 2
47 0
68 2
50 1
25 0
57 2
52 1
42 2
54 2
43 2
53 2
51 2
18 2
49 2
2 1
35 0
55 2
62 2
36 0
44 1
22 2
12 1
61 2

efile
72
43 54
65 11
62 55
43 53
24 60
0 5
33 15
65 6
67 11
41 34
56 45
49 18
9 46
21 37
28 7
56 20
13 39
71 39
51 53
12 61
8 30
16 70
72 66
50 68
17 27
25 57
8 15
0 59
4 63
12 22
36 62
64 7
36 44
68 47
27 6
41 69
48 29
2 35
32 26
58 45
38 14
72 4
44 22
67 69
32 1
49 2
42 52
59 70
48 31
57 52
3 71
58 23
17 19
20 13
30 14
64 34
1 29
10 3
5 38
42 54
16 19
66 37
24 63
10 60
35 55
21 47
18 51
25 50
28 23
40 9
33 46
40 26

jin random 21
[[4, 17], [9], [10, 28, 13, 39], [30], [33], [34], [38]]
vfile
48
9 1
6 2
41 0
21 0
26 2
20 1
43 0
12 2
24 2
31 2
4 1
17 1
34 2
33 1
10 2
28 2
13 2
39 2
27 1
45 0
40 0
3 1
46 0
19 1
44 0
32 2
38 1
30 2
36 1
16 0
22 1
23 1
25 1
1 1
15 0
14 0
0 2
8 0
2 1
47 1
11 2
42 2
29 2
18 2
37 0
5 2
7 0
35 2

efile
47
8 2
1 15
10 28
4 31
32 44
41 21
11 47
41 6
14 15
43 12
25 1
42 29
42 11
9 6
40 3
25 23
22 23
43 20
16 22
3 46
13 39
27 39
17 4
24 12
33 10
5 37
27 45
35 7
18 37
28 13
36 30
33 34
24 31
0 8
2 47
5 7
38 30
19 44
40 45
26 20
18 29
19 46
32 38
16 36
26 21
17 34
0 14

jin random 22
[[9, 18], [20, 28], [32]]
vfile
39
20 1
28 1
18 2
9 2
5 1
21 0
8 0
36 2
32 1
26 2
3 0
37 2
1 2
24 1
10 0
25 1
6 0
13 1
0 1
19 0
15 1
27 0
4 0
22 2
2 1
34 0
30 2
7 0
23 0
33 1
38 1
35 0
12 1
17 0
29 0
16 2
14 2
31 2
11 2

efile
38
18 28
17 12
32 36
20 28
13 6
8 21
23 7
9 5
0 13
11 31
3 37
0 19
8 36
24 10
24 1
27 15
33 23
27 4
26 3
30 7
1 37
16 14
14 31
34 30
35 38
25 10
32 26
33 38
9 18
25 6
21 5
19 15
2 22
4 22
35 12
17 29
16 29
2 34

jin random 23
[[7, 12], [13]]
vfile
25
6 2
2 2
22 0
21 2
20 0
23 0
19 2
1 0
3 1
9 0
11 2
0 0
14 2
17 0
5 0
18 0
24 2
10 0
15 1
13 2
12 1
7 1
8 2
16 2
4 0

efile
24
10 15
9 3
2 6
17 5
19 23
16 4
8 7
0 11
9 11
1 19
24 10
24 18
1 3
17 14
13 15
21 22
18 5
20 21
8 16
12 7
2 22
0 14
12 13
20 23

jin random 24
[]
vfile
40
19 2
23 0
2 0
15 1
3 0
27 2
0 2
29 1
8 0
34 0
32 0
24 1
9 0
10 2
39 1
38 1
31 0
37 1
6 1
14 0
33 0
12 2
30 0
26 2
1 1
18 0
11 1
22 0
16 1
21 0
28 1
25 2
7 0
13 0
5 0
4 1
35 0
36 2
17 0
20 0

efile
39
25 28
10 39
4 5
19 23
2 23
38 31
16 21
5 13
37 31
25 7
0 29
37 6
16 22
35 36
28 21
32 24
26 30
8 34
24 9
27 3
6 14
1 18
35 4
32 34
8 29
11 22
38 39
12 30
33 14
1 26
33 12
3 15
9 10
13 7
18 11
2 15
0 27
17 20
17 36

jin random 25
[[12], [14], [19, 46, 83], [22], [33], [39, 59, 52, 44], [54], [64], [72], [89]]
vfile
90
14 1
64 2
72 1
86 2
61 0
88 1
73 1
87 0
10 1
1 2
63 0
60 2
75 2
81 2
54 1
2 2
20 0
7 0
26 2
40 2
12 1
89 2
45 1
71 0
32 2
57 2
16 1
31 0
49 1
83 2
46 2
19 2
58 1
69 0
23 0
6 2
36 2
44 1
59 1
39 1
52 1
11 2
70 0
51 2
22 1
8 2
29 0
27 0
47 0
3 2
15 0
74 1
41 0
28 1
85 0
48 1
78 2
56 0
42 0
53 2
67 0
66 0
80 1
30 1
43 1
24 0
25 0
38 1
13 2
9 0
17 1
50 2
5 2
35 0
21 1
0 1
76 1
4 0
68 0
65 2
34 1
18 0
79 1
77 1
37 1
55 1
33 2
84 1
82 0
62 0

efile
89
59 44
40 12
32 71
1 10
9 13
80 30
50 5
82 84
76 4
82 62
24 43
11 52
41 28
65 34
0 21
2 54
9 17
56 78
65 68
17 50
24 25
88 61
60 63
10 87
34 18
64 14
61 86
67 53
18 79
26 7
8 29
0 76
27 47
64 72
37 77
35 5
42 53
37 55
49 31
89 12
51 22
74 15
3 47
32 57
6 23
16 31
58 69
59 39
1 63
77 79
81 75
73 87
35 21
36 6
58 19
89 45
16 57
49 83
4 68
81 54
33 84
11 70
80 66
33 55
41 74
8 22
48 78
72 86
20 7
48 85
2 20
45 71
13 38
83 46
88 73
36 44
69 23
28 85
66 67
43 30
51 70
52 39
3 15
25 38
56 42
75 60
19 46
27 29
40 26

jin random 26
[[4, 20], [8, 9], [12], [15], [21]]
vfile
26
12 1
18 2
19 0
10 0
22 0
23 1
24 0
1 2
20 1
4 1
6 2
5 0
25 1
21 2
15 1
8 2
9 2
7 1
13 1
11 0
17 2
2 1
3 0
14 2
16 0
0 2

efile
25
4 6
2 3
10 22
9 7
22 23
17 2
5 6
18 19
10 19
24 1
8 15
24 23
1 20
11 13
16 14
17 11
3 14
18 12
25 5
20 4
25 21
13 7
8 9
16 0
21 15

jin random 27
[[22, 59], [24], [52, 69], [53]]
vfile
88
29 0
27 0
72 0
57 0
7 2
1 2
46 1
39 1
19 0
42 1
54 2
81 2
6 2
26 0
20 2
14 2
85 0
13 1
41 0
38 0
18 1
22 2
59 2
3 1
76 1
2 0
56 2
4 2
69 1
52 1
49 2
37 0
55 1
8 1
64 1
48 0
80 2
15 2
30 1
31 1
60 0
68 0
36 0
66 2
11 0
32 0
71 0
12 0
67 0
44 1
50 1
79 2
33 2
47 0
75 0
16 2
78 0
17 2
40 1
73 0
70 1
43 2
58 2
9 0
82 0
86 1
51 1
21 2
77 0
23 2
25 1
10 0
74 2
87 1
28 0
63 2
45 1
61 0
65 2
34 0
83 1
35 0
0 2
24 1
53 2
62 1
5 0
84 2

efile
87
30 15
60 68
18 22
32 71
40 17
43 70
85 14
65 61
5 62
26 6
33 79
50 79
3 76
45 63
13 85
66 11
0 24
28 87
73 70
49 37
35 83
30 31
50 44
59 22
66 36
4 69
65 34
56 2
1 7
24 53
56 4
81 6
64 48
68 36
57 7
46 39
17 78
51 21
48 80
53 62
8 55
82 86
37 55
41 38
20 14
19 39
25 23
9 82
75 47
41 13
74 87
9 58
28 63
10 74
80 15
67 44
33 47
18 38
40 73
26 20
2 76
84 5
81 54
60 31
77 23
67 12
51 86
8 64
12 71
0 35
52 69
49 52
16 75
77 21
25 10
3 59
42 19
16 78
61 45
1 46
32 11
34 83
72 57
42 54
58 43
27 29
72 27

jin random 28
[[3, 14], [7], [10], [20], [33], [35, 70]]
vfile
74
25 2
50 0
36 1
24 1
34 0
53 1
32 1
18 1
0 0
28 0
61 2
15 0
5 1
35 2
70 2
10 1
68 2
17 0
48 1
3 2
14 2
7 1
51 2
60 0
45 0
66 1
38 1
58 0
47 0
6 2
44 0
43 2
12 0
52 1
56 0
39 0
71 1
49 0
21 2
62 2
20 1
69 2
23 0
31 0
63 2
67 0
65 2
41 0
2 0
1 1
4 0
9 0
26 2
64 2
57 0
37 0
27 1
8 1
19 1
22 2
72 2
11 2
40 0
30 0
54 0
29 0
73 1
55 0
13 2
42 1
59 0
16 1
46 1
33 2

efile
73
1 4
43 44
51 7
64 26
8 27
58 38
67 63
14 7
64 57
16 59
17 68
21 62
20 69
9 4
8 19
43 12
16 46
58 47
48 17
73 29
32 53
66 45
65 67
6 47
41 2
57 37
9 26
24 34
49 71
42 13
24 36
71 39
63 31
56 39
72 22
13 55
33 46
60 45
29 54
66 38
0 18
10 68
34 53
61 15
5 15
48 3
3 14
12 52
20 62
69 23
31 23
54 30
42 59
10 70
0 28
32 18
49 21
50 36
40 30
73 55
1 2
35 5
51 60
44 6
72 11
19 22
35 70
27 37
40 11
65 41
56 52
25 50
28 61

jin random 29
[]
vfile
12
1 0
6 0
0 2
5 0
2 2
3 0
4 0
10 0
9 2
11 2
8 1
7 0

efile
11
3 4
10 4
8 11
0 6
2 3
9 10
2 5
0 5
8 7
9 11
1 6

jin random 30
[[13, 17, 69], [40]]
vfile
71
0 2
56 0
64 2
14 2
1 0
26 1
12 0
22 1
7 0
66 1
54 1
43 1
50 0
67 2
10 0
42 2
61 2
49 2
63 0
41 1
60 2
68 0
55 0
15 2
51 0
47 2
40 1
52 2
30 2
70 2
59 0
57 1
33 1
5 1
36 0
46 1
69 2
17 2
13 2
29 1
19 0
39 2
4 0
3 2
58 2
62 2
6 0
34 1
24 0
44 0
11 2
31 1
48 0
28 1
53 2
16 2
2 2
37 0
32 1
9 1
23 2
20 0
8 2
21 0
25 0
65 0
18 2
35 1
38 0
27 2
45 0

efile
70
43 54
68 55
58 62
60 68
36 46
8 20
28 53
66 7
41 60
41 63
8 21
29 13
11 44
16 53
19 39
1 14
3 4
50 43
11 31
62 6
16 2
24 34
57 59
18 35
48 28
42 61
32 37
27 38
26 12
51 15
34 6
27 45
33 5
57 33
56 64
64 14
12 22
51 47
35 38
10 67
36 5
66 54
40 52
19 29
4 39
17 69
65 25
65 18
52 30
17 13
0 56
70 30
49 61
59 70
1 26
15 55
48 31
69 46
9 23
49 63
25 21
20 23
24 44
10 42
32 9
22 7
58 3
2 37
50 67
40 47

jin random 31
[[2, 31, 25, 58], [8, 52, 18], [13], [16], [27], [36, 75], [42], [56], [66], [68]]
vfile
80
68 2
73 1
71 0
69 1
61 2
57 0
4 1
17 2
32 2
1 2
7 0
64 2
16 1
37 2
0 2
48 2
47 0
11 0
55 2
10 0
65 2
79 2
34 1
45 0
22 1
46 0
50 2
42 1
77 2
35 0
67 1
56 2
59 1
9 1
15 1
39 0
74 1
27 2
36 1
75 1
63 2
28 0
24 1
29 0
70 2
30 0
62 2
21 2
25 1
2 1
31 1
58 1
13 2
54 1
5 1
49 0
40 2
20 0
60 1
14 2
38 0
78 2
76 0
26 1
33 0
53 0
19 1
6 2
41 2
72 0
12 1
23 0
43 0
3 0
44 0
51 1
18 2
52 2
8 2
66 1

efile
79
42 77
2 31
0 37
40 20
5 54
45 22
8 52
29 70
58 13
65 79
16 37
73 68
9 15
76 78
32 17
49 5
60 14
72 12
56 59
27 36
48 47
74 27
35 77
19 53
69 71
64 16
10 55
18 52
11 47
41 6
57 4
1 7
62 30
12 23
46 22
64 7
34 79
43 23
25 21
67 35
25 2
78 38
24 28
3 44
34 45
33 53
13 54
21 62
61 69
39 15
40 49
11 55
50 42
28 63
72 41
75 36
58 31
65 10
56 67
24 29
32 1
70 30
8 66
9 59
75 63
57 61
3 43
17 4
26 76
50 46
51 44
20 60
33 26
19 6
38 14
0 48
73 71
74 39
18 51

jin random 32
[[13], [15], [21], [22, 27, 42], [35]]
vfile
45
42 1
27 1
22 1
15 2
19 1
16 0
10 0
0 1
40 0
7 0
41 1
11 0
44 1
28 0
31 1
17 1
35 2
2 1
4 1
3 0
6 2
43 1
30 0
12 2
14 2
36 2
34 2
33 2
9 0
1 1
39 1
25 0
24 0
23 0
32 2
37 0
38 1
18 1
26 1
20 0
29 2
8 0
5 2
21 1
13 2

efile
44
25 39
32 23
41 7
11 44
3 4
13 21
41 11
17 31
22 15
27 22
2 4
43 6
24 25
32 37
8 5
1 39
40 7
24 23
0 10
0 40
42 27
3 6
2 35
44 28
8 29
43 30
33 34
12 30
16 10
18 26
28 31
34 36
9 1
12 14
20 29
17 35
18 38
19 15
36 14
26 20
21 5
16 19
33 9
37 38

jin random 33
[[20], [34], [46], [72]]
vfile
74
47 2
62 0
57 0
37 0
70 2
41 2
14 2
59 2
15 0
65 0
44 0
60 1
67 1
34 2
4 1
0 0
40 0
35 0
2 2
53 2
56 0
66 2
38 0
6 0
71 0
11 2
24 2
50 0
64 2
52 2
16 0
10 1
58 0
33 1
31 0
5 1
61 1
46 2
72 1
36 2
73 0
68 2
48 0
45 2
19 0
8 2
22 1
30 0
55 1
9 0
7 2
51 0
3 0
69 0
63 2
12 0
17 1
32 1
28 0
54 1
25 2
18 0
13 1
42 1
43 0
1 1
29 0
23 0
27 1
20 2
21 1
39 0
26 0
49 0

efile
73
24 11
6 71
16 52
38 6
33 31
22 30
37 70
51 7
17 12
30 55
9 7
19 45
12 63
27 23
61 46
42 43
8 19
25 18
72 36
8 22
27 20
64 50
65 44
73 36
57 37
57 62
56 53
5 31
42 13
0 4
40 35
62 47
41 70
28 54
73 68
66 38
44 60
41 14
67 60
9 55
3 69
29 23
0 40
56 66
61 5
2 35
11 71
1 43
21 39
48 68
3 51
16 10
10 58
48 45
32 17
32 28
2 53
18 13
24 50
20 21
69 63
59 15
64 52
59 14
33 58
25 54
49 26
1 29
26 39
34 67
34 4
72 46
65 15

jin random 34
[]
vfile
7
5 2
0 0
4 0
2 1
1 2
6 2
3 0

efile
6
1 2
3 6
0 4
0 5
2 4
1 6

jin random 35
[[1, 3, 60], [31]]
vfile
61
56 0
44 1
6 1
43 0
11 2
42 2
2 1
38 0
28 1
10 2
55 0
32 2
33 0
59 1
47 0
21 2
31 1
39 2
13 0
27 0
15 0
4 1
5 0
30 2
9 2
24 2
57 0
40 2
45 2
20 2
54 0
35 0
0 0
17 0
36 1
18 0
26 1
53 1
23 1
25 1
52 0
8 1
46 1
3 2
1 2
60 2
50 1
51 1
19 0
48 1
12 1
34 2
29 0
7 1
41 0
22 0
14 1
58 0
16 2
37 0
49 2

efile
60
48 12
11 43
42 2
20 45
10 28
50 60
4 5
48 19
10 55
0 17
32 33
18 36
41 7
53 23
42 11
34 29
25 23
8 52
21 31
59 47
27 13
0 35
3 46
41 22
13 39
43 6
22 14
27 15
28 38
5 30
16 37
1 3
25 52
39 31
29 7
58 14
2 38
32 55
24 9
16 58
24 57
56 44
40 57
34 12
33 59
19 51
18 26
35 54
50 51
26 53
9 30
4 15
40 45
44 6
49 37
8 46
20 54
1 60
21 47
17 36

jin random 36
[[1], [4]]
vfile
8
6 1
0 0
5 0
3 1
2 0
7 2
1 1
4 2

efile
7
1 4
2 3
0 6
1 7
0 5
3 5
2 7

jin random 37
[[6, 30], [7, 40, 13], [8], [27], [29], [32, 42], [34], [46], [71], [75]]
vfile
77
22 0
56 1
40 2
7 2
13 2
60 1
20 0
9 2
8 1
27 2
39 1
33 0
54 2
2 2
51 1
43 0
5 0
24 1
21 1
70 0
67 0
10 2
3 1
31 1
41 0
12 2
69 1
23 0
17 2
46 1
42 2
32 2
18 1
64 0
1 2
44 2
47 0
65 2
66 1
74 0
57 0
15 1
63 2
35 2
49 0
14 1
73 1
16 1
75 2
30 1
6 1
62 2
61 0
72 1
34 2
37 1
50 0
59 1
19 1
71 2
48 1
45 1
76 0
68 1
0 1
25 0
28 2
58 2
26 0
55 1
4 1
38 1
36 0
11 1
53 0
52 2
29 1

efile
76
1 44
57 15
52 53
26 55
25 28
8 27
9 20
57 74
43 51
65 47
66 74
3 31
44 47
73 14
43 5
2 54
50 37
0 68
56 22
19 71
58 26
76 45
4 55
61 62
11 36
62 6
52 29
41 12
42 46
32 42
27 39
60 13
48 71
16 75
24 5
40 7
67 70
56 40
17 46
21 70
63 15
50 59
0 25
12 69
16 73
41 31
60 20
10 67
69 23
65 66
34 37
76 68
4 38
19 59
33 54
32 18
49 35
48 45
11 53
75 30
36 38
13 7
8 9
72 61
10 3
30 6
17 23
35 63
72 34
64 18
64 1
49 14
33 39
2 51
24 21
58 28

jin random 38
[[1, 28, 25, 19, 4], [23, 26, 30, 27], [29]]
vfile
40
18 0
14 0
11 1
9 1
4 2
25 2
1 2
28 2
19 2
15 1
8 1
35 0
21 0
7 1
36 0
38 2
16 2
10 2
39 1
31 0
33 0
2 2
3 0
6 0
34 0
24 2
29 1
20 2
12 0
17 1
5 0
13 0
32 2
22 1
37 0
0 1
30 2
23 2
26 2
27 2

efile
39
25 4
33 31
1 28
2 3
17 12
10 39
17 5
16 38
13 5
32 22
9 4
0 37
8 35
25 1
19 28
26 23
18 14
36 7
24 34
9 11
8 15
11 14
30 23
34 6
31 39
0 30
3 6
32 13
24 29
26 27
37 22
16 10
21 7
20 12
20 29
36 38
35 21
19 15
33 2

jin random 39
[[0, 10, 13]]
vfile
20
17 2
9 0
8 2
3 2
11 1
7 1
2 0
5 0
15 0
16 1
0 2
10 2
13 2
12 1
4 1
14 1
6 0
18 2
19 0
1 0

efile
19
10 13
17 9
16 15
18 19
1 19
18 6
11 3
0 10
5 15
14 6
8 3
4 14
11 7
2 7
8 9
16 0
2 5
12 4
12 13

jin random 40
[[0], [3, 66], [8, 69, 70], [15], [21, 62, 31], [24, 61, 29], [30], [42], [49, 55], [60], [76], [81], [82], [83], [96]]
vfile
97
81 1
3 2
66 2
29 1
61 1
24 1
79 2
65 2
59 0
63 1
50 1
60 2
69 1
8 1
70 1
45 2
75 0
23 2
85 0
36 2
64 2
28 0
2 1
41 0
1 1
26 1
16 0
51 0
77 1
34 1
92 1
43 0
57 0
89 0
37 0
33 0
71 1
46 1
82 2
96 1
76 2
14 1
27 0
47 1
11 1
52 1
6 1
17 2
73 0
7 1
30 2
88 1
67 1
19 1
53 0
87 1
42 2
83 1
4 2
40 0
20 0
48 1
35 0
91 1
13 1
74 2
80 0
72 1
86 2
18 0
90 2
15 1
38 2
22 2
5 2
58 0
12 1
56 0
10 1
78 1
62 2
21 2
31 2
94 1
93 1
25 0
84 1
9 2
39 0
54 1
0 2
55 1
49 1
44 2
68 2
95 2
32 0

efile
96
0 55
89 37
0 54
42 87
16 26
81 3
17 6
40 20
48 35
91 13
56 10
32 95
76 14
58 12
51 77
65 79
50 63
75 23
24 61
94 31
80 74
27 14
8 69
52 6
42 83
19 67
64 36
11 52
19 53
85 23
56 12
66 29
49 55
58 5
33 71
11 47
73 7
36 85
59 63
2 28
30 7
46 71
89 57
5 22
83 4
93 94
27 47
25 93
91 35
38 22
73 17
66 3
80 72
50 60
48 20
40 4
44 68
21 62
88 67
74 13
18 90
18 86
9 84
90 15
65 59
61 29
9 39
82 46
33 37
41 1
49 44
1 26
34 77
75 45
54 39
8 70
43 92
68 95
60 69
96 76
10 78
34 92
88 30
41 2
21 31
64 28
72 86
24 79
16 51
57 43
38 15
62 78
45 70
25 84
53 87
96 82

jin random 41
[[3], [10, 41], [13, 30, 31, 24], [14, 37], [28], [35], [36], [44], [48]]
vfile
51
14 1
37 1
44 2
36 1
3 2
48 1
28 2
1 1
50 0
5 2
34 2
29 1
23 1
32 1
17 0
11 0
33 2
13 1
30 1
31 1
24 1
22 2
0 0
16 0
6 0
46 1
41 2
10 2
8 1
25 1
19 0
39 0
15 1
26 0
21 0
45 0
40 1
47 1
20 0
9 2
2 0
12 2
7 2
38 2
35 1
42 2
27 2
4 0
18 0
49 2
43 0

efile
50
18 4
1 28
33 11
13 30
9 20
0 22
44 37
16 6
32 23
41 46
9 2
19 39
24 22
34 29
49 18
46 6
8 10
8 25
15 39
48 28
25 19
42 35
27 4
34 5
50 5
29 23
1 50
49 43
48 3
44 36
35 38
17 11
42 27
24 31
41 10
26 15
38 7
32 17
12 7
45 21
40 45
3 36
0 16
20 47
2 12
37 14
30 31
26 21
33 13
40 47

jin random 42
[[1, 36, 7], [15, 40], [16, 34], [21], [22, 24], [26], [27], [42], [43]]
vfile
52
43 1
42 2
21 1
10 2
19 0
12 1
15 2
40 2
18 1
0 0
4 0
8 1
45 2
20 2
30 0
50 2
23 2
27 1
26 2
7 1
1 1
36 1
49 2
11 0
32 2
22 1
24 1
51 2
25 0
9 2
46 2
14 2
3 2
38 0
6 0
2 2
13 0
31 1
33 1
44 0
48 1
41 1
29 2
5 0
17 2
35 1
37 1
47 1
39 0
28 2
34 1
16 1

efile
51
33 31
20 45
42 21
38 6
3 38
2 6
17 5
40 15
34 28
24 51
8 45
27 23
42 43
1 36
32 22
13 31
28 39
24 22
16 34
2 13
1 7
9 46
20 30
0 4
46 14
37 47
5 29
10 19
50 23
33 44
49 36
40 18
48 41
41 29
0 18
3 14
26 7
48 44
26 27
32 11
50 30
35 37
10 21
25 9
17 35
12 15
19 12
49 11
39 47
25 51
8 4

jin random 43
[[2], [6, 24], [10], [12], [13], [14], [18], [53]]
vfile
54
24 2
6 2
32 1
42 0
31 1
3 0
50 0
39 1
16 0
33 0
36 0
46 2
20 0
30 1
48 0
25 0
4 0
5 2
49 2
13 1
12 2
38 1
7 0
22 0
41 0
52 1
14 2
18 1
2 2
10 1
53 2
35 1
47 1
37 0
34 1
26 0
8 2
51 2
0 2
29 1
45 0
1 1
27 0
40 2
28 0
19 1
44 0
9 1
15 2
43 0
23 1
17 1
11 2
21 0

efile
53
25 4
12 13
20 46
41 52
4 5
36 46
45 29
3 31
10 53
9 44
43 15
1 27
19 28
52 14
18 14
20 30
0 29
1 45
32 6
41 22
8 26
8 51
32 42
35 53
37 47
11 21
9 15
16 39
34 26
34 37
17 11
24 6
38 7
33 36
50 3
50 39
49 5
35 47
40 28
43 23
2 10
49 13
18 2
19 44
16 33
48 25
12 38
48 30
17 23
40 27
22 7
42 31
0 51

jin random 44
[[0], [1], [2]]
vfile
3
0 1
2 2
1 1

efile
2
0 2
1 2

jin random 45
[[0, 3], [1, 2]]
vfile
4
3 1
0 1
2 2
1 2

efile
3
0 2
1 2
0 3

jin random 46
[]
vfile
5
1 0
4 0
0 2
2 2
3 0

efile
4
1 4
0 2
2 3
0 4

jin random 47
[[9], [11, 12], [15], [17]]
vfile
21
17 1
9 2
4 1
2 1
7 0
19 2
10 0
13 2
5 2
15 1
11 2
12 2
18 1
14 0
6 1
16 0
8 1
1 0
0 0
20 0
3 0

efile
20
11 12
10 13
5 13
16 6
9 4
17 9
18 14
2 4
8 1
10 19
0 20
19 7
0 1
5 15
14 6
11 15
18 12
2 7
16 8
3 20

jin random 48
[[0], [1, 49, 19, 35], [7], [57]]
vfile
68
48 0
16 1
5 0
31 0
42 1
26 1
39 0
27 0
20 1
13 0
14 1
10 1
6 0
9 0
56 0
53 1
52 0
38 0
2 2
51 2
24 1
59 0
33 0
30 0
37 1
25 0
46 0
29 2
67 2
65 1
44 0
18 2
7 1
0 2
28 1
62 1
64 0
8 0
12 0
43 0
23 0
60 1
35 2
19 2
1 2
49 2
4 1
55 1
41 0
22 2
11 0
66 2
15 2
47 0
61 0
36 2
34 2
40 1
50 0
58 0
32 2
57 1
21 2
63 2
17 0
54 2
45 0
3 0

efile
67
18 44
52 53
64 62
50 58
64 8
25 46
16 5
24 51
40 50
66 15
43 12
40 34
17 54
67 29
9 6
65 67
65 44
18 7
1 49
4 55
56 53
42 26
5 31
41 22
21 63
27 39
1 19
41 55
0 7
36 61
8 12
35 60
33 30
61 47
17 63
25 37
48 16
13 14
32 57
2 38
19 35
24 59
11 22
66 11
0 28
49 4
47 15
3 45
45 54
33 59
57 21
43 23
37 30
34 36
32 58
20 13
10 6
56 9
10 14
52 38
26 39
28 62
27 20
42 31
2 51
29 46
60 23

jin random 49
[[3, 30], [13], [21], [38], [42], [43]]
vfile
47
39 2
44 0
40 1
41 2
4 2
6 0
33 2
19 2
32 1
28 0
7 1
5 0
8 0
31 0
20 1
26 2
14 0
45 1
25 1
12 2
35 2
9 0
24 1
43 2
21 1
29 2
15 0
36 0
18 0
10 0
23 1
42 2
1 1
11 0
34 0
37 2
16 0
2 2
0 0
27 1
46 0
22 0
17 1
13 2
30 1
3 1
38 2

efile
46
4 6
29 21
3 38
40 41
13 30
41 4
40 44
34 11
18 36
9 35
18 10
36 15
10 23
33 19
16 2
0 2
27 46
28 7
8 5
43 21
16 37
1 42
45 14
32 19
42 23
46 22
24 9
34 37
3 30
25 12
17 22
17 13
8 31
5 7
29 15
1 11
24 43
26 20
44 39
35 12
0 27
26 14
32 28
25 45
33 6
20 31

jin random 50
[[0, 3, 23, 6, 19], [4], [5, 10], [11, 16], [17], [21], [22], [25], [26], [30], [33]]
vfile
34
28 0
15 2
1 0
7 2
8 2
30 1
24 2
13 2
2 0
12 1
32 1
21 2
18 1
20 0
9 2
0 1
3 1
23 1
6 1
19 1
4 2
33 1
16 2
11 2
22 1
10 2
5 2
17 1
25 2
29 1
14 0
27 1
31 1
26 2

efile
33
17 25
29 14
1 15
10 22
17 5
9 20
8 7
24 30
28 15
26 31
2 13
1 7
16 11
0 3
8 30
25 29
18 20
32 12
3 23
6 23
27 31
27 14
19 6
11 22
10 5
0 9
18 21
19 4
16 33
2 12
33 4
32 21
24 13

jin random 51
[[5, 23, 12, 88], [6, 21, 45], [8], [9], [11, 37], [19, 67], [20, 53], [25, 52], [28], [34, 54, 82, 36], [35], [38], [44, 63], [46], [50], [86]]
vfile
93
72 1
56 1
41 1
85 0
91 1
26 1
24 0
57 1
1 1
81 1
15 2
29 0
31 1
13 0
4 1
42 2
7 0
49 1
62 1
58 1
75 0
55 1
36 2
54 2
34 2
82 2
35 1
20 2
53 2
77 1
22 0
66 2
86 1
68 2
16 0
39 2
43 1
2 0
92 0
80 1
79 0
90 1
69 1
9 2
52 1
25 1
37 2
11 2
71 1
51 0
73 2
83 1
61 1
14 1
70 0
65 1
17 1
38 2
33 1
76 0
87 1
0 0
27 1
50 2
46 1
8 2
5 1
23 1
12 1
88 1
28 2
44 1
63 1
10 2
30 0
48 2
18 2
84 0
60 1
89 1
67 2
19 2
45 1
21 1
6 1
64 2
59 0
74 0
3 0
47 2
32 1
78 0
40 1

efile
92
51 71
29 31
66 22
73 51
65 17
84 60
26 91
17 38
77 53
72 56
57 1
50 27
0 87
16 39
42 7
24 26
90 69
33 38
88 28
29 15
19 67
48 30
8 46
91 85
9 52
65 70
81 15
75 55
44 63
34 54
19 45
64 6
16 68
21 6
2 43
4 13
5 23
80 92
12 23
88 12
81 1
8 5
40 78
49 7
32 47
68 86
32 78
82 35
11 37
20 53
36 55
64 59
66 86
48 18
10 30
35 20
25 52
3 47
24 57
11 71
49 62
76 87
56 41
41 85
21 45
43 39
0 27
18 84
61 14
89 67
42 4
58 62
2 92
10 63
89 60
13 31
33 76
90 79
73 83
74 3
58 75
50 46
77 22
74 59
25 37
36 54
34 82
83 61
80 79
28 44
9 69
70 14

jin random 52
[[3, 21], [18, 70, 27, 77, 64, 86], [19, 74], [39], [47], [58, 60], [62], [67], [72], [82, 88]]
vfile
96
56 0
50 0
61 1
55 1
95 0
54 2
65 2
6 2
42 2
22 0
52 2
72 1
31 2
84 2
36 0
49 2
21 1
3 1
94 2
43 2
1 0
9 0
38 0
48 0
92 2
69 0
51 1
39 2
47 1
82 2
88 2
59 1
10 0
90 0
32 2
53 1
24 1
68 0
14 1
33 2
16 0
44 0
12 2
19 1
74 1
93 2
41 0
20 0
80 2
35 2
76 2
2 0
11 1
17 1
18 2
70 2
27 2
77 2
64 2
86 2
67 1
62 2
91 1
45 0
81 2
58 1
60 1
29 2
0 0
26 2
78 0
7 1
5 2
85 0
66 1
46 0
8 0
23 1
75 0
15 0
37 0
28 0
4 0
87 1
13 1
89 0
34 2
30 2
57 2
25 1
63 0
83 1
40 0
71 2
73 2
79 0

efile
95
3 21
60 29
2 11
58 60
0 29
24 68
48 38
75 23
8 23
83 63
17 18
1 43
57 30
95 55
67 86
75 15
40 71
74 19
1 9
16 33
19 12
8 46
68 14
56 50
89 13
80 20
13 87
85 5
44 12
4 87
40 83
67 62
84 31
88 59
74 93
0 26
28 4
73 79
50 61
24 53
42 6
66 85
92 69
43 94
49 21
37 15
5 7
26 78
84 36
61 55
41 20
42 22
18 70
27 77
25 63
3 94
52 22
72 52
65 6
32 90
51 69
32 53
16 44
10 90
78 7
35 76
89 34
49 36
48 92
72 31
34 30
41 93
82 47
66 46
10 59
2 76
88 82
9 38
64 86
65 54
28 37
91 62
51 39
81 45
57 25
17 11
64 77
33 14
73 71
27 70
54 95
91 45
80 35
47 39
81 58

jin random 53
[[2], [4], [5], [20, 44], [27], [28], [32, 66, 42], [38], [39], [49], [50], [62], [64], [67, 75]]
vfile
76
26 2
65 2
21 2
3 0
37 0
36 1
38 2
47 1
13 1
16 0
33 2
44 1
20 1
19 2
15 2
1 0
61 1
41 0
35 1
73 1
6 0
31 0
60 2
64 1
75 2
67 2
62 1
54 2
63 2
46 0
57 1
30 1
55 1
5 2
10 1
23 0
11 0
68 0
43 2
18 2
70 1
0 1
51 0
7 2
14 2
49 1
40 2
12 0
45 1
74 1
34 1
42 2
32 2
66 2
29 1
53 0
24 1
39 2
17 1
9 1
56 0
59 0
69 2
58 0
52 1
22 1
71 0
48 1
2 2
50 1
28 2
72 1
25 0
8 2
27 1
4 2

efile
75
66 29
58 52
3 21
1 15
0 70
51 7
13 47
18 70
8 27
73 35
43 68
41 35
65 26
67 75
67 62
30 55
5 55
14 7
6 31
11 68
40 12
32 66
17 9
22 71
72 28
65 21
24 39
49 14
10 23
3 37
34 42
54 63
41 61
54 62
2 50
24 53
32 42
8 25
74 34
16 13
48 71
27 4
72 25
40 49
17 39
33 44
73 6
59 69
36 37
46 63
64 60
58 69
18 43
57 30
1 61
10 5
48 2
11 23
50 28
19 20
36 38
74 45
16 33
56 9
19 15
64 75
56 59
52 22
12 45
44 20
53 29
57 46
38 47
0 51
60 31

jin random 54
[[3], [5, 7], [8, 74], [12], [15], [17], [22, 29, 67, 37], [45, 84], [48, 61, 80], [52], [83]]
vfile
85
81 0
39 2
36 1
41 0
4 2
27 0
54 0
25 0
50 2
37 1
67 1
29 1
22 1
82 2
43 0
66 0
20 2
6 0
73 2
62 0
51 1
13 2
24 0
55 1
3 2
75 1
68 0
72 0
33 2
28 2
38 0
60 0
14 2
69 1
44 0
78 1
16 1
59 2
21 0
40 1
52 2
12 1
80 2
61 2
48 2
30 1
10 0
63 1
64 0
26 0
42 0
46 2
77 0
47 1
15 2
7 1
5 1
53 2
11 0
56 2
31 1
19 1
18 0
58 1
83 2
17 1
74 2
8 2
45 1
84 1
1 2
76 0
57 1
70 2
35 2
71 0
65 1
34 0
2 0
32 1
0 0
49 0
9 2
23 2
79 2

efile
84
19 31
67 37
16 59
17 74
50 37
26 42
3 55
72 33
79 23
35 71
84 45
53 5
9 23
60 14
25 54
48 30
24 55
82 43
1 84
35 70
41 36
7 15
34 2
59 21
41 4
65 34
33 28
57 70
81 39
0 49
42 46
64 63
73 62
1 76
73 6
75 68
66 43
51 13
56 11
15 47
32 2
5 7
51 62
77 47
77 46
24 13
44 78
49 9
8 45
75 3
66 20
40 21
10 30
18 19
20 6
58 83
80 12
80 61
27 54
18 58
44 69
82 22
56 31
64 26
10 63
67 29
8 74
28 38
27 4
52 12
65 71
17 83
40 52
32 0
16 78
60 38
11 53
57 76
48 61
29 22
36 39
72 68
69 14
25 50

jin random 55
[[2, 48, 18, 21, 31, 9], [3], [7], [19], [27], [44], [46], [53], [56]]
vfile
67
65 0
62 1
0 1
55 0
42 0
36 0
29 2
48 1
2 1
18 1
21 1
31 1
9 1
49 2
17 0
12 0
60 2
25 1
16 1
57 1
39 0
50 0
40 1
34 1
44 2
64 1
1 0
23 1
47 1
51 1
35 2
20 2
32 2
63 0
43 2
7 1
11 2
52 2
54 0
38 0
26 0
58 1
5 2
28 0
8 1
66 1
37 0
13 0
14 2
56 1
46 2
19 1
27 2
53 1
6 2
22 0
15 0
24 0
61 1
33 2
59 2
10 0
30 2
45 0
4 2
41 2
3 1

efile
66
0 55
13 37
17 12
27 19
41 4
9 49
43 63
42 55
58 5
40 50
0 62
40 34
24 15
26 58
47 23
65 62
1 23
21 31
64 44
27 53
43 7
22 15
10 30
32 20
56 14
38 54
36 29
26 38
24 61
35 20
52 54
4 45
33 61
13 14
51 47
42 36
48 2
49 17
16 25
9 31
50 39
11 7
33 59
12 60
56 46
6 22
18 21
2 18
57 39
32 63
45 30
8 66
10 59
8 28
53 6
11 52
66 37
25 60
64 1
19 46
34 44
41 3
16 57
35 51
48 29
28 5

jin random 56
[[2, 89, 79], [3], [4, 48], [7], [11], [13, 36], [17], [20, 68], [34], [42, 97], [46], [60, 67], [61, 85], [72], [80], [93], [96]]
vfile
98
84 1
39 1
37 0
23 0
0 0
82 2
33 2
77 2
31 1
21 1
69 0
58 2
12 0
44 1
81 1
55 1
57 1
7 2
85 1
61 1
43 2
63 2
49 2
70 0
59 2
72 1
42 2
97 2
95 1
50 0
6 0
1 1
87 1
75 1
24 0
19 1
35 0
71 2
5 0
65 0
14 2
62 2
60 1
67 1
96 2
3 1
46 2
93 1
36 2
13 2
34 1
94 2
32 0
64 2
38 2
28 1
74 0
91 2
48 1
4 1
51 2
47 0
22 2
11 1
41 2
26 0
29 1
56 2
76 2
53 0
8 2
78 2
73 0
86 1
17 2
79 1
89 1
2 1
15 2
54 2
40 0
45 1
88 2
10 0
90 0
27 2
83 1
52 1
16 0
66 1
25 1
80 2
20 1
68 1
9 2
30 0
18 1
92 1

efile
97
34 13
69 21
83 52
74 91
24 19
65 5
58 12
83 27
77 31
35 71
64 38
37 39
81 55
22 47
59 70
2 15
18 92
80 20
61 85
43 61
72 59
65 14
12 44
60 62
76 53
43 63
9 68
93 46
41 11
73 78
24 75
85 7
1 6
88 10
67 60
57 7
51 47
17 79
89 79
80 25
16 66
40 45
9 30
1 87
20 68
62 14
96 3
49 70
72 42
56 29
88 45
57 55
0 82
33 77
41 26
25 66
75 87
10 90
8 53
8 78
50 6
26 29
50 95
58 69
48 4
54 15
11 22
51 4
34 94
32 94
97 95
36 93
97 42
40 54
81 44
32 64
16 52
33 82
74 28
17 86
90 27
89 2
21 31
3 46
73 86
28 38
37 23
96 67
84 39
35 19
48 91
49 63
0 23
36 13
56 76
5 71
18 30

jin random 57
[[2], [12, 21, 30], [13, 43], [16], [31], [35], [37]]
vfile
47
34 1
40 1
0 1
20 0
7 0
25 1
15 0
23 0
41 1
14 1
43 2
13 2
1 1
9 0
19 1
28 0
29 0
46 1
2 2
37 1
30 2
12 2
21 2
33 1
36 0
27 2
3 0
45 1
10 0
4 2
22 2
16 1
26 2
11 0
24 2
35 1
39 2
38 0
6 0
17 2
18 0
5 0
8 0
42 2
32 0
44 1
31 2

efile
46
10 4
24 11
25 15
35 39
38 6
12 21
32 44
26 11
24 35
40 34
19 28
43 13
16 26
17 6
2 46
44 31
25 7
16 22
23 15
32 42
20 7
8 42
8 5
0 20
41 14
40 0
3 27
17 18
18 5
12 30
38 39
3 45
33 36
1 13
37 30
1 9
28 29
43 14
41 23
4 22
27 36
33 21
2 37
10 45
29 46
9 19

jin random 58
[[4, 5]]
vfile
7
6 0
1 1
0 1
2 1
3 1
5 2
4 2

efile
6
2 3
4 5
0 1
0 2
3 5
1 6

jin random 59
[[0, 8, 9], [7, 10]]
vfile
11
3 1
1 0
2 1
6 0
5 2
4 2
9 1
0 1
8 1
10 2
7 2

efile
10
1 2
2 6
4 5
10 7
8 10
5 6
9 4
1 3
0 8
0 9

jin random 60
[[18], [31, 45, 43], [33], [54], [57]]
vfile
64
57 2
19 1
26 0
50 2
56 0
60 1
39 0
15 2
48 0
6 2
5 2
33 1
23 2
36 0
14 1
47 0
11 2
55 2
17 2
8 0
24 2
0 2
3 2
61 0
41 1
20 0
27 2
18 1
16 2
13 0
28 0
38 2
37 2
52 0
21 1
43 2
45 2
31 2
32 1
58 1
2 0
12 1
54 2
49 1
63 0
10 0
30 2
4 2
1 0
44 2
7 0
53 1
35 0
22 1
34 0
62 1
59 0
25 2
29 0
42 0
46 2
51 1
40 1
9 0

efile
63
1 44
1 4
12 54
59 62
10 63
11 47
40 51
42 29
18 27
57 19
36 23
0 3
58 2
41 61
42 46
56 60
35 53
10 30
15 39
5 6
33 23
26 50
48 15
3 61
16 13
28 38
43 21
34 62
25 29
11 55
17 55
34 22
51 46
33 5
28 13
60 39
8 24
45 31
52 37
16 18
24 0
32 31
8 17
32 58
49 63
4 30
48 6
36 14
53 7
35 22
2 12
49 54
44 7
25 59
14 47
56 50
52 21
27 20
37 38
43 45
26 19
40 9
41 20

jin random 61
[[0], [8, 54], [12, 22, 25], [14], [17], [20], [23], [31, 58, 61], [35], [43], [44], [45], [46], [47], [49], [59]]
vfile
63
26 0
50 1
36 0
62 0
30 0
41 2
4 0
1 1
13 0
21 0
24 0
28 2
53 0
39 2
11 1
10 0
37 0
57 0
15 1
5 0
6 1
29 0
7 1
48 1
27 1
20 2
59 1
3 2
2 0
60 2
8 1
54 1
17 2
61 1
58 1
31 1
43 2
49 1
47 2
23 1
33 2
52 0
38 1
34 1
45 2
44 1
46 2
0 1
14 2
35 1
32 2
55 2
9 2
18 0
40 2
56 2
19 2
51 0
42 0
16 1
25 2
22 2
12 2

efile
62
34 45
57 15
1 4
2 3
35 14
0 46
25 22
41 4
28 53
44 46
16 42
48 7
29 6
10 11
17 54
23 47
17 61
32 35
21 13
57 37
58 61
62 30
5 6
33 23
26 50
56 19
11 39
2 60
40 56
53 39
9 55
29 7
10 37
40 18
36 62
59 20
49 43
5 15
32 55
12 22
48 27
3 59
58 31
33 52
16 25
1 13
50 36
44 45
34 38
51 19
9 18
8 54
49 47
24 28
52 38
8 60
42 51
41 30
0 14
27 20
43 31
24 21

jin random 62
[[6, 9, 54, 22, 73], [7, 85, 37], [11], [12], [14, 48], [17, 26, 66], [25], [30], [42], [43], [46], [52], [61], [70], [74], [82], [83], [90]]
vfile
98
48 1
14 1
42 2
11 1
30 2
35 1
55 1
92 1
69 0
32 1
56 0
45 1
13 2
97 0
57 0
5 1
72 0
51 0
4 2
17 1
26 1
66 1
12 2
23 1
29 0
36 0
80 2
61 1
74 2
70 1
84 2
93 0
28 1
39 2
81 2
1 0
18 2
27 2
63 1
75 1
20 0
0 2
38 2
31 2
89 0
3 1
83 2
37 1
7 1
85 1
43 2
91 1
95 0
16 2
62 2
90 1
2 2
59 2
77 0
15 1
86 1
52 2
34 1
94 0
60 0
44 2
50 0
67 2
73 1
22 1
54 1
6 1
9 1
79 2
68 0
24 2
21 2
53 2
82 1
46 2
71 1
64 0
88 0
96 0
58 0
41 2
78 0
33 0
8 1
49 1
65 2
87 0
10 1
25 2
40 1
19 0
76 2
47 0

efile
97
72 5
90 2
13 45
65 49
24 68
92 55
35 30
76 47
8 33
50 44
24 21
11 30
9 79
2 59
74 70
33 78
32 56
81 39
77 15
19 76
73 22
85 7
12 23
89 3
48 14
32 69
81 1
84 70
36 29
0 20
10 87
68 79
46 71
92 69
41 78
74 61
53 21
42 14
88 96
73 67
66 12
38 31
26 66
28 39
97 13
18 27
8 49
27 63
0 38
40 19
91 43
91 95
1 18
80 61
41 58
82 46
90 62
34 52
83 37
51 4
83 3
34 94
28 93
50 67
75 63
16 62
16 95
59 77
86 15
97 57
17 26
64 88
84 93
42 11
9 6
56 45
72 51
64 71
52 86
17 4
65 87
60 44
40 25
29 23
25 10
82 53
75 20
80 36
60 94
54 22
43 85
54 6
37 7
96 58
35 55
89 31
57 5

jin random 63
[[0], [1], [2, 16, 3], [4], [5], [6, 11], [10, 14], [12]]
vfile
17
15 0
7 2
8 0
9 1
13 1
4 2
14 1
10 1
3 2
16 2
2 2
5 1
0 2
11 1
6 1
1 2
12 1

efile
16
9 13
4 13
8 9
16 2
2 5
10 3
8 7
10 14
0 5
1 12
0 11
4 14
1 6
16 3
7 15
11 6

jin random 64
[[3, 60], [4], [9, 27], [13, 58], [19], [29], [37, 52], [43, 62], [48], [50], [59]]
vfile
63
22 2
16 2
31 0
47 0
38 2
40 0
45 1
56 1
12 0
28 2
21 0
55 2
35 2
0 0
61 1
11 1
57 2
39 0
24 1
5 1
19 2
6 1
17 1
2 1
32 1
1 1
18 0
30 2
50 1
4 2
43 1
62 1
59 2
36 1
53 0
34 1
37 2
52 2
42 1
10 0
23 2
26 2
20 1
8 1
33 0
7 0
25 1
60 2
3 2
29 1
13 2
58 2
48 1
9 2
27 2
41 1
51 1
15 0
49 0
54 0
46 0
14 0
44 2

efile
62
12 28
57 11
11 61
8 20
59 62
36 53
50 4
3 60
3 29
13 29
47 31
17 6
43 4
26 23
24 39
56 45
10 23
25 7
0 61
46 54
40 38
16 22
0 35
46 14
17 2
58 13
33 7
24 5
28 21
41 51
21 55
8 33
43 62
51 15
48 58
34 53
1 18
16 31
34 37
59 36
19 6
48 9
9 27
52 37
32 2
32 1
42 52
50 30
41 27
57 39
40 45
19 5
42 10
26 20
49 54
44 14
25 60
35 55
49 15
38 47
56 12
18 30

jin random 65
[[1, 64, 31, 2, 46], [6], [19], [27, 38, 41], [33], [34], [35]]
vfile
69
13 0
67 0
15 0
54 0
45 0
59 1
10 0
65 0
0 2
46 1
2 1
31 1
64 1
1 1
22 2
40 0
25 2
7 1
48 0
51 0
62 2
4 1
60 0
63 1
47 1
49 0
56 0
12 0
14 0
50 1
21 1
6 2
52 1
17 0
61 2
44 0
24 1
39 0
28 1
5 2
68 0
37 2
30 1
32 1
43 0
42 0
26 1
18 1
9 0
3 1
36 1
58 1
35 2
38 1
27 1
41 1
8 2
11 0
20 2
66 0
29 2
57 0
53 1
34 2
33 1
19 2
16 1
55 0
23 2

efile
68
66 29
9 3
0 46
1 22
40 22
17 52
32 30
58 35
2 31
50 21
4 62
48 7
28 39
64 31
42 43
57 29
21 6
44 61
47 63
17 61
2 46
24 39
25 7
33 19
67 13
48 51
56 49
42 26
66 20
60 63
16 55
67 15
59 45
4 60
68 5
40 25
32 43
68 37
34 53
35 38
54 15
27 38
65 10
33 34
0 65
50 14
45 54
8 41
26 18
52 6
37 30
9 18
12 14
41 27
8 11
23 55
51 62
49 47
24 44
3 36
10 59
57 53
16 19
64 1
58 36
11 20
56 12
28 5

jin random 66
[[6], [26], [46, 55], [48], [69]]
vfile
95
88 1
59 0
92 1
46 2
55 2
48 1
6 2
34 1
31 0
52 0
44 0
40 0
50 0
36 1
38 2
39 0
72 0
80 0
20 0
7 1
13 1
70 0
8 1
82 2
3 2
41 0
35 0
76 1
91 0
77 2
23 2
89 1
79 1
60 0
75 1
14 1
21 0
66 2
56 2
27 1
51 1
61 1
53 0
16 0
85 1
65 1
64 0
90 2
69 1
26 2
29 1
71 1
18 1
93 0
5 0
25 0
62 2
84 1
81 0
24 0
74 0
17 2
22 0
78 2
30 1
19 0
42 0
87 2
33 0
32 0
12 0
15 2
57 0
37 0
94 1
0 0
45 2
83 0
67 0
43 0
58 2
4 2
9 0
28 2
63 2
73 0
2 2
54 2
47 2
86 2
49 0
10 2
11 0
68 0
1 0

efile
94
57 15
18 71
17 74
40 50
56 27
42 87
16 53
64 65
24 74
1 68
65 85
90 69
52 44
51 61
53 61
16 85
81 84
80 20
13 70
43 67
41 35
5 93
59 92
11 68
32 33
2 54
10 11
88 59
33 87
49 86
92 46
26 69
34 31
51 27
32 12
56 66
17 22
89 79
86 47
60 79
36 38
37 94
73 63
48 6
52 31
9 28
72 80
73 2
8 82
40 44
54 47
19 30
72 39
49 10
35 76
57 37
83 45
21 14
91 76
26 29
28 63
38 39
18 93
50 36
82 3
8 70
64 90
78 30
0 94
91 77
77 23
78 22
58 4
9 4
24 81
84 62
25 62
20 7
66 21
34 6
48 55
46 55
67 83
25 5
42 19
89 23
29 71
13 7
0 45
12 15
75 60
75 14
41 3
58 43

jin random 67
[[1], [7, 17], [11], [16]]
vfile
21
19 0
13 0
15 1
18 0
14 0
20 1
2 1
6 1
0 2
12 0
5 2
1 1
9 2
10 0
8 1
3 0
4 2
17 1
7 1
16 2
11 1

efile
20
18 15
2 6
0 12
20 14
16 7
3 4
18 14
0 6
16 11
8 10
17 4
2 20
13 15
12 5
8 3
1 5
1 9
9 10
17 7
19 13

jin random 68
[[3, 13], [17]]
vfile
18
3 2
13 2
17 1
15 2
2 2
0 0
10 1
16 1
1 0
8 2
14 1
7 1
6 0
11 1
12 2
4 0
9 2
5 2

efile
17
11 12
16 1
0 10
8 14
6 7
0 2
12 4
2 15
3 13
14 7
8 1
9 5
17 15
9 4
16 10
17 13
11 6

jin random 69
[[3, 34, 16], [5, 20, 15, 25], [9, 28], [11], [18], [31, 32], [38]]
vfile
39
19 0
29 1
27 2
22 0
0 0
35 0
6 0
24 1
26 0
7 1
11 2
31 1
32 1
18 2
38 1
28 2
9 2
5 1
20 1
15 1
25 1
14 2
10 0
37 2
21 2
17 2
4 0
30 0
36 2
1 1
8 0
33 1
23 1
12 1
2 0
13 2
16 1
3 1
34 1

efile
38
25 15
0 22
17 21
1 36
9 5
2 13
11 31
34 3
0 35
12 23
27 22
8 1
17 4
33 23
16 13
28 38
8 33
10 37
24 26
36 30
24 6
26 7
19 29
35 6
11 7
32 18
32 31
4 30
18 38
9 28
25 14
10 14
2 12
20 15
16 3
20 5
21 37
27 29

jin random 70
[[1, 31], [4], [30], [45, 55, 46], [51], [56]]
vfile
58
9 1
10 1
0 0
20 1
42 0
13 0
5 0
26 1
50 0
54 0
25 2
24 2
22 2
36 0
38 0
12 2
21 0
28 2
51 1
31 2
1 2
56 1
46 2
55 2
45 2
4 1
44 2
57 0
3 1
41 2
35 0
32 1
19 1
39 2
8 0
37 2
30 1
6 2
17 0
7 2
53 0
43 2
29 0
49 1
33 0
16 2
15 2
11 0
34 0
14 0
2 1
27 2
47 2
23 2
18 0
40 2
52 2
48 0

efile
57
36 22
57 44
8 39
12 21
43 53
41 35
34 11
5 13
57 3
17 6
23 47
56 1
24 22
19 39
32 35
18 23
51 28
42 13
8 37
16 15
43 29
24 25
26 50
4 44
49 33
45 55
51 31
28 21
0 20
32 19
49 29
4 45
40 18
0 10
42 20
46 55
11 15
2 14
40 52
2 27
34 14
27 47
26 5
56 46
37 30
36 38
9 10
25 54
16 33
12 38
53 7
30 6
1 31
17 7
41 3
50 54
48 52

jin random 71
[[3], [10], [12, 57], [27], [32], [37], [43], [44], [53], [60], [67]]
vfile
69
52 0
66 1
1 1
12 2
57 2
60 1
32 2
17 1
34 0
36 0
0 1
43 2
33 1
58 1
8 0
54 0
35 1
2 1
53 2
18 1
38 0
9 2
7 1
4 0
45 0
55 1
24 0
22 1
39 2
5 0
46 0
20 2
27 1
25 2
30 0
31 1
47 2
28 0
65 1
67 2
61 1
29 1
64 0
62 0
14 0
48 1
15 2
68 0
11 1
16 0
23 0
51 2
19 0
13 1
37 2
3 1
6 2
21 2
41 0
59 1
49 1
50 0
26 1
40 0
56 0
63 1
42 1
10 2
44 1

efile
68
5 39
20 46
64 62
37 13
9 7
41 21
41 59
18 53
5 46
64 29
11 68
40 26
57 12
47 31
1 66
24 22
65 67
67 61
21 6
16 11
3 37
57 60
42 63
25 30
48 14
29 61
48 15
22 39
50 26
51 23
45 55
0 43
4 7
68 15
40 56
0 36
4 45
49 59
3 6
65 28
2 35
1 12
10 44
49 50
8 58
32 17
2 53
19 51
33 43
66 52
34 36
35 54
56 63
8 54
16 23
32 60
33 58
18 38
25 27
42 10
24 55
28 47
62 14
30 31
27 20
19 13
17 34
9 38

jin random 72
[[4, 13, 56], [6, 46, 71], [11], [12], [17], [22], [28, 76], [41], [47], [50], [57], [65], [87]]
vfile
90
40 0
37 1
49 0
15 0
42 0
82 0
38 2
19 2
78 2
67 2
65 1
11 2
28 1
76 1
57 2
56 1
13 1
4 1
71 2
6 2
46 2
9 1
63 1
14 1
89 0
26 0
69 0
21 2
32 0
3 2
23 0
29 1
7 0
77 1
58 1
18 0
53 1
34 0
75 1
47 2
87 1
20 2
72 2
84 0
85 2
36 1
31 1
83 1
44 0
81 0
62 0
66 1
5 2
10 2
74 0
51 1
27 2
80 0
0 0
73 0
35 2
2 1
52 0
61 0
48 2
55 2
25 2
68 2
86 2
54 0
8 1
24 0
39 1
33 1
88 1
59 0
30 0
43 2
17 1
12 2
41 1
22 2
50 1
64 2
70 2
1 0
16 1
45 2
79 2
60 0

efile
89
67 78
65 11
25 55
1 70
21 69
80 0
65 67
24 39
9 46
45 79
64 70
4 71
3 23
20 87
56 13
34 53
34 75
10 5
16 1
81 62
0 73
49 37
66 62
32 21
42 82
36 31
17 43
77 7
72 20
66 5
88 59
64 50
36 85
9 63
4 13
46 6
88 33
83 31
19 78
26 69
27 51
29 7
32 3
74 51
58 77
83 44
16 45
68 86
60 79
42 15
80 27
8 54
59 30
50 22
33 39
6 71
28 76
40 37
41 12
14 63
75 47
84 85
10 74
19 38
58 18
54 86
2 52
81 44
17 12
89 26
73 35
18 53
87 47
41 22
11 28
72 84
52 61
29 23
48 55
25 68
8 24
56 57
2 35
43 30
57 76
48 61
89 14
82 38
49 15

jin random 73
[[14, 45], [21], [29], [48, 53], [55], [59], [60]]
vfile
64
7 0
63 2
39 0
1 1
2 2
16 0
61 2
43 2
22 2
9 1
54 1
44 0
36 0
35 0
25 0
42 2
13 0
41 2
11 1
40 1
58 1
30 1
31 0
12 2
17 0
26 2
37 0
4 2
46 0
3 1
29 2
53 1
48 1
34 2
8 0
23 2
0 2
62 0
27 0
52 1
50 1
28 0
5 1
45 2
14 2
60 1
47 2
57 0
33 2
49 0
19 1
24 0
51 1
32 1
59 2
21 1
55 2
10 1
6 1
56 0
15 0
20 1
38 0
18 0

efile
63
59 21
17 12
32 51
40 58
10 55
57 47
27 62
24 51
17 26
56 15
0 62
3 29
24 19
9 22
48 53
41 11
16 2
16 61
42 13
12 31
3 46
9 54
26 37
25 35
41 13
32 59
35 36
28 5
33 49
1 39
49 19
45 14
4 46
8 23
21 55
57 33
39 63
8 34
44 36
44 54
50 52
20 15
50 28
20 38
4 37
60 14
56 6
1 2
63 7
18 38
0 23
10 6
25 42
60 47
45 5
48 34
58 30
30 31
40 11
53 29
27 52
43 22
43 61

jin random 74
[[9, 22, 78, 40], [11], [41], [44], [57], [77]]
vfile
83
40 1
78 1
9 1
22 1
11 2
57 1
77 2
30 1
37 0
12 2
43 0
59 0
72 1
15 0
68 1
7 1
6 2
63 2
47 0
82 1
69 2
62 2
5 0
70 2
18 2
44 1
71 2
34 2
20 2
21 2
2 2
48 0
10 2
36 0
51 0
76 2
73 0
32 1
13 0
3 1
41 2
0 1
75 0
25 2
1 1
33 1
24 1
50 0
27 0
65 0
14 1
74 1
23 1
35 0
60 2
31 2
39 0
16 1
49 1
80 0
55 1
46 1
81 1
56 0
29 0
42 2
53 2
17 0
8 1
79 1
52 2
38 0
28 1
61 0
26 0
58 0
64 0
19 2
4 1
45 0
67 1
54 1
66 0

efile
82
1 33
34 71
35 23
51 36
43 12
26 58
9 22
51 76
5 62
77 30
6 63
44 71
50 27
81 46
16 39
25 75
6 7
2 21
24 50
37 30
52 38
74 14
64 58
72 59
18 44
65 14
57 11
16 49
0 75
42 29
82 69
73 76
26 61
40 78
17 53
10 36
32 13
66 54
48 2
64 19
9 78
65 27
57 77
42 53
56 29
18 70
52 79
5 70
24 33
72 15
8 79
68 15
12 37
39 31
4 45
67 54
82 47
11 22
69 62
20 21
80 49
19 4
34 20
0 41
60 31
56 81
80 55
59 43
25 1
47 63
3 13
32 73
74 23
28 38
35 60
46 55
67 45
8 17
68 7
48 10
41 3
28 61

jin random 75
[[4, 92, 32], [6], [7, 37], [14, 46], [16], [25], [40, 79, 70], [42, 69], [54], [71], [73], [89]]
vfile
96
93 0
3 1
0 0
66 1
7 2
37 2
54 1
14 2
46 2
32 1
4 1
92 1
90 2
30 0
11 2
50 2
43 2
21 0
78 2
74 0
72 2
70 1
79 1
40 1
25 2
17 1
28 0
52 2
48 0
31 2
85 2
76 2
44 0
64 0
34 1
69 2
42 2
16 1
51 2
62 2
65 0
63 0
61 0
77 2
89 1
41 2
47 0
88 2
71 1
57 2
84 2
33 0
60 1
86 1
83 1
68 2
1 0
67 1
26 0
81 2
75 0
19 2
23 2
36 0
55 2
49 2
58 2
94 0
39 2
15 1
9 0
35 1
80 0
12 1
22 2
95 0
27 2
13 2
45 0
10 0
29 0
87 1
2 0
20 1
18 0
53 1
56 2
38 0
82 0
8 2
6 1
73 2
24 1
91 0
59 1
5 1

efile
95
2 87
45 13
36 23
56 53
64 44
72 70
57 84
59 5
43 21
9 15
18 20
1 68
57 71
0 66
48 31
88 71
32 46
11 30
1 67
49 55
49 58
27 95
19 23
70 79
94 39
66 7
65 63
0 3
4 92
34 69
59 91
24 91
73 6
74 78
40 79
90 92
12 22
29 87
17 28
58 94
19 75
51 62
54 14
32 4
3 93
85 31
48 52
25 17
22 95
36 55
8 82
28 52
65 62
50 11
15 39
10 29
56 38
90 30
88 47
24 73
80 12
8 6
83 68
81 75
33 60
77 61
37 54
83 86
10 45
33 84
76 44
16 42
76 85
26 67
61 63
18 53
9 35
41 47
50 43
27 13
46 14
16 51
2 20
40 25
42 69
81 26
89 77
21 78
60 86
80 35
64 34
37 7
72 74
82 38
89 41

jin random 76
[[0, 13, 9, 34], [2, 11, 4, 35, 18], [3], [10], [17], [20], [25], [32]]
vfile
37
12 0
33 2
25 1
21 2
31 0
30 2
20 1
32 2
17 1
10 2
1 1
24 0
36 1
28 1
8 0
5 1
27 1
29 2
6 0
14 0
22 0
19 1
23 0
7 0
15 1
26 1
16 1
4 2
2 2
11 2
35 2
18 2
9 1
0 1
13 1
34 1
3 2

efile
36
17 10
34 13
36 28
19 23
16 4
2 11
29 6
1 10
7 23
16 26
0 13
34 3
20 30
21 31
24 36
2 4
18 35
32 20
24 1
14 22
8 5
33 25
6 14
26 15
32 17
0 9
33 12
25 21
27 5
35 11
9 18
8 28
19 22
30 31
15 7
27 29

jin random 77
[[0, 11, 17], [2, 41, 45], [5], [7], [8], [15], [25], [32], [40]]
vfile
49
7 1
5 2
8 1
25 2
45 1
41 1
2 1
15 2
18 1
35 0
12 0
36 1
6 0
37 0
48 0
26 0
3 2
20 2
31 0
21 1
29 1
39 1
22 2
14 0
28 0
16 1
27 2
46 0
9 1
43 0
1 2
40 1
32 2
4 1
24 1
23 0
44 0
33 2
19 0
38 1
47 0
13 2
42 0
30 1
10 1
34 1
17 2
11 2
0 2

efile
48
18 15
29 21
9 43
13 47
0 11
29 39
24 4
9 46
33 19
41 2
37 6
21 31
27 46
42 13
8 25
18 35
28 14
10 30
22 14
22 39
8 5
40 32
24 23
33 44
26 3
10 34
40 1
17 11
19 38
1 43
41 45
12 36
5 7
16 27
3 20
42 30
35 12
2 15
36 6
48 26
44 23
48 37
32 4
25 45
17 34
16 28
38 47
20 31

jin random 78
[[0], [1], [2, 3]]
vfile
4
1 1
0 2
2 1
3 1

efile
3
0 1
0 2
2 3

jin random 79
[[3], [7]]
vfile
11
8 2
5 2
4 0
2 2
0 0
6 1
7 2
3 1
10 2
9 2
1 0

efile
10
9 1
0 6
9 10
3 7
4 5
6 7
0 2
10 3
2 4
8 5

jin random 80
[[0], [8, 46, 68], [16], [22], [41, 83], [50], [51], [54, 66]]
vfile
84
2 0
21 2
44 2
67 0
7 0
57 2
71 1
70 0
19 2
75 2
5 2
47 0
62 0
34 0
30 0
37 1
41 2
83 2
82 1
1 1
14 0
77 1
29 0
33 2
69 0
24 1
0 2
6 1
76 1
11 0
12 2
60 1
78 0
15 0
36 2
50 1
40 2
49 0
3 1
64 1
39 2
58 2
45 0
80 0
25 2
9 0
38 2
22 1
28 2
35 2
81 2
74 0
27 1
16 2
23 1
20 0
61 0
13 1
32 1
51 2
73 1
26 0
72 2
8 1
46 1
68 1
54 2
66 2
17 1
52 0
18 2
63 0
56 1
65 0
42 1
79 0
59 1
53 1
43 2
48 0
4 1
31 0
55 1
10 0

efile
83
72 8
78 15
13 61
1 82
40 50
73 51
59 79
1 14
33 29
62 47
33 69
24 69
81 74
58 39
41 83
2 21
57 71
56 65
18 63
12 60
24 0
37 30
16 23
67 7
80 45
74 27
8 46
72 26
60 78
48 43
17 52
43 53
18 52
4 31
10 55
44 21
42 79
35 28
77 14
65 42
81 35
82 83
75 5
49 3
57 7
32 13
66 54
58 45
80 25
5 47
75 19
64 39
38 22
19 70
11 12
68 54
28 22
76 6
41 37
40 49
11 76
34 30
67 44
48 4
29 77
50 36
70 71
16 27
56 63
59 53
20 23
9 38
32 51
68 46
64 3
36 15
0 6
34 62
55 31
73 26
17 66
20 61
25 9

jin random 81
[[16, 34, 31], [18], [24], [32], [41], [53, 58]]
vfile
73
24 1
6 2
56 2
22 2
64 0
25 1
19 2
62 2
27 0
37 1
47 1
50 0
33 2
42 1
71 0
63 2
41 1
32 2
35 1
28 0
60 0
4 1
49 0
52 2
5 0
0 0
66 1
12 2
10 0
68 1
11 2
14 2
7 2
70 2
65 0
23 0
8 2
21 2
36 2
9 1
17 1
20 0
45 2
1 0
29 2
3 2
43 0
61 1
54 1
51 0
30 0
44 1
2 1
34 2
16 2
31 2
13 1
15 1
59 0
39 0
57 2
69 1
67 0
46 0
48 1
40 0
26 2
72 0
38 0
55 2
58 1
53 1
18 2

efile
72
36 21
9 36
20 45
61 54
27 62
0 5
14 7
67 46
51 30
18 53
11 68
41 63
8 21
9 17
56 22
3 29
13 31
40 26
58 53
35 28
16 34
32 35
38 55
1 45
28 60
48 46
43 3
37 47
2 44
25 19
50 47
49 52
58 55
11 14
60 4
8 23
19 62
13 15
63 71
52 5
51 54
10 68
44 30
16 31
59 39
24 6
10 12
72 38
49 4
67 69
0 66
65 23
33 42
64 22
57 69
32 41
56 6
42 71
70 7
59 15
57 39
33 50
1 29
64 25
27 37
72 26
17 20
48 40
65 70
2 34
66 12
43 61

jin random 82
[[2, 19], [4], [6], [9], [23], [31], [32], [33]]
vfile
43
8 2
38 2
26 0
37 2
9 1
6 2
23 1
32 2
33 1
11 2
21 0
42 1
17 1
35 0
25 2
31 1
2 2
19 2
0 1
14 1
30 0
12 0
5 1
7 0
29 0
20 2
22 2
4 1
1 2
34 0
39 0
28 1
40 0
27 0
24 2
13 1
41 0
16 0
10 0
36 2
3 0
18 1
15 1

efile
42
1 4
42 21
18 15
24 27
33 11
2 31
28 39
32 33
32 23
9 6
9 37
0 19
11 21
26 37
25 35
41 13
17 42
18 3
1 34
29 7
6 23
12 5
10 36
2 19
16 41
12 30
16 10
40 28
5 7
20 29
20 22
17 35
3 36
14 30
4 22
34 39
25 31
24 13
0 14
40 27
26 38
8 38

jin random 83
[[29]]
vfile
52
23 1
33 0
37 1
7 1
20 1
25 1
6 0
15 0
44 2
50 2
46 2
30 2
49 2
21 0
36 2
18 0
45 2
19 0
10 0
14 0
17 0
11 1
27 1
28 2
38 0
39 0
12 0
13 2
41 2
1 0
34 0
40 1
9 0
35 1
24 0
48 1
3 0
42 2
32 2
26 2
22 0
2 1
29 2
4 1
31 1
5 0
0 2
43 2
47 0
51 2
8 0
16 0

efile
51
6 15
36 21
24 48
2 29
4 31
43 47
0 5
19 45
40 9
18 36
24 35
9 35
40 34
27 11
4 29
49 30
18 45
5 31
8 51
32 42
20 7
41 13
27 28
33 23
10 19
28 38
44 15
50 46
17 14
0 43
25 20
1 34
48 3
51 47
17 11
42 3
32 26
33 37
38 39
41 1
49 21
26 22
8 16
12 39
25 6
2 22
37 7
10 14
46 30
12 13
50 44

jin random 84
[]
vfile
3
2 2
1 0
0 0

efile
2
0 1
1 2

jin random 85
[[0, 17, 62, 32, 4, 33], [7], [12, 14, 40], [24], [45], [46]]
vfile
65
26 0
18 2
27 2
58 0
11 2
60 2
44 0
59 1
41 1
31 1
51 2
42 0
48 0
15 2
38 0
43 0
23 1
32 2
17 2
0 2
62 2
4 2
33 2
24 1
40 2
14 2
12 2
52 1
61 0
28 1
30 0
57 1
49 0
64 2
35 0
22 1
63 2
20 0
8 0
13 1
47 0
16 2
1 0
9 2
25 0
55 2
7 1
2 2
56 0
37 0
36 1
53 1
3 0
21 0
50 2
29 0
54 1
39 0
5 2
34 2
6 2
10 2
19 2
45 1
46 2

efile
64
5 39
20 63
3 21
59 44
13 47
25 55
8 20
36 53
50 21
41 59
0 17
4 62
19 45
32 23
0 62
43 38
18 27
16 47
56 2
28 30
24 33
58 11
11 60
50 29
57 49
48 15
10 19
45 46
29 54
51 31
34 5
60 44
34 6
52 61
22 63
12 52
36 37
64 49
48 42
41 31
38 15
57 30
8 13
64 35
16 1
2 7
32 17
24 40
26 18
58 27
43 23
1 9
12 14
9 25
7 55
10 6
35 22
54 39
42 51
33 4
40 14
56 37
3 53
28 61

jin random 86
[[1, 25, 19], [2], [8], [9], [10], [12, 24, 26], [15]]
vfile
28
9 2
2 1
8 2
17 1
18 0
27 0
22 0
7 0
6 0
13 1
1 2
25 2
19 2
4 1
14 1
3 0
0 0
20 0
23 0
5 2
15 1
26 2
12 2
24 2
10 1
16 2
11 0
21 0

efile
27
8 2
13 6
1 25
9 2
18 27
16 11
0 3
5 23
11 21
27 22
24 10
25 19
24 12
0 20
26 12
6 7
5 15
17 18
3 14
4 14
26 15
16 10
1 13
8 17
19 4
22 7
20 23

jin random 87
[[3], [6], [7, 24, 19], [12], [16], [20, 32], [35]]
vfile
36
12 1
8 2
28 0
30 2
11 2
27 2
6 1
32 2
20 2
35 1
3 2
29 1
2 0
23 0
0 0
4 2
14 2
9 1
26 0
1 1
25 2
18 0
5 2
22 0
10 2
34 2
24 1
7 1
19 1
33 2
31 0
21 1
13 1
15 1
17 1
16 2

efile
35
33 31
2 29
10 22
24 7
2 23
3 29
1 25
25 18
27 11
28 30
13 21
33 19
16 17
21 31
9 26
32 6
24 34
0 4
32 20
9 14
17 15
8 12
35 20
19 7
13 15
10 34
27 6
5 22
3 35
18 5
4 14
1 26
0 23
8 28
11 30

jin random 88
[]
vfile
13
1 2
11 2
4 2
8 0
6 1
5 0
7 2
3 1
9 0
0 2
2 2
12 2
10 2

efile
12
9 3
3 7
1 11
0 2
2 12
5 6
8 6
11 4
10 12
8 4
5 7
0 9

jin random 89
[[1], [8], [16], [18], [19], [36]]
vfile
39
31 2
22 2
2 0
29 2
32 2
3 2
30 2
13 2
34 2
25 2
18 1
21 2
35 0
5 2
19 1
36 2
16 1
12 2
17 0
10 1
11 0
9 0
15 1
14 2
33 0
37 2
6 0
4 1
7 2
28 2
24 0
0 0
23 2
1 1
27 2
20 2
38 0
26 1
8 2

efile
38
17 10
4 6
2 29
34 13
17 12
13 30
14 15
10 11
25 18
1 27
1 23
37 6
8 26
22 31
28 7
16 12
19 36
9 11
9 15
4 7
25 34
32 3
3 30
33 37
20 38
33 14
24 0
18 21
35 21
2 22
35 5
24 28
19 5
0 23
16 36
27 20
32 29
26 38

jin random 90
[[1], [2], [5, 13, 12], [9, 14]]
vfile
21
10 2
19 0
7 2
18 2
17 1
8 0
0 2
4 2
20 2
15 2
2 1
9 2
14 2
12 1
5 1
13 1
1 2
3 1
6 0
16 1
11 0

efile
20
13 5
16 6
9 2
18 7
16 11
0 4
10 19
9 14
1 3
19 7
12 5
3 6
17 18
4 20
1 13
8 0
8 17
12 14
2 15
20 15

jin random 91
[[6, 8], [14], [20], [22, 63, 48], [28, 34, 62, 69], [29], [43], [49], [50, 56], [53, 60, 72], [67, 73], [74]]
vfile
76
41 0
30 0
66 2
43 1
20 2
72 1
60 1
53 1
70 2
0 2
3 0
38 2
39 1
18 0
19 0
61 0
10 2
65 2
36 0
52 2
4 0
40 1
56 2
50 2
33 1
23 0
12 2
49 1
14 2
74 1
67 2
73 2
31 1
71 0
57 1
58 0
59 2
7 2
46 2
25 0
64 2
13 0
54 1
55 0
75 1
22 2
63 2
48 2
6 1
8 1
69 2
62 2
34 2
28 2
15 1
27 1
45 0
44 0
68 0
35 2
32 2
11 2
16 2
47 0
24 1
1 2
5 0
17 1
26 1
21 1
37 0
9 0
42 1
29 2
51 1
2 0

efile
75
66 30
0 70
3 38
75 55
17 5
54 55
9 42
25 46
34 28
13 54
40 4
58 59
74 67
44 68
72 20
17 26
28 15
42 29
16 47
32 35
16 11
0 3
43 20
48 63
9 37
12 23
2 51
18 19
33 23
64 13
34 62
65 36
27 15
24 1
18 39
40 56
36 52
27 45
59 7
72 60
22 63
24 47
66 43
73 31
57 71
53 70
8 6
65 10
69 62
38 39
10 61
52 4
75 22
8 69
32 11
1 5
51 29
44 45
35 68
71 31
46 7
48 6
33 50
26 21
60 53
19 61
74 14
64 25
41 30
56 50
49 14
73 67
49 12
57 58
37 21

jin random 92
[[4], [9, 17], [10, 72], [19, 32], [33, 37], [35], [73]]
vfile
76
63 0
43 0
16 2
60 2
11 2
48 0
13 1
73 2
17 1
9 1
39 2
42 2
51 2
66 0
6 0
74 2
49 2
4 1
31 2
56 0
61 1
35 2
50 1
53 0
14 1
5 0
47 0
67 0
25 1
71 0
20 1
2 1
33 2
37 2
30 1
70 0
8 1
62 1
75 0
54 1
32 2
19 2
68 1
34 0
46 2
65 0
3 2
72 1
10 1
21 2
23 2
18 0
58 0
57 1
64 1
28 1
24 1
0 1
12 0
26 0
45 2
52 0
27 2
7 2
41 1
15 0
22 1
44 1
36 1
69 2
29 2
40 0
38 2
59 1
55 1
1 0

efile
75
73 13
56 61
50 53
25 71
34 46
4 31
66 51
32 54
21 23
0 12
43 63
64 57
59 55
27 7
67 47
65 46
16 60
17 9
72 3
41 7
27 52
59 38
74 6
11 60
18 23
53 14
20 71
40 29
48 13
64 28
40 38
41 15
34 68
22 15
75 62
65 3
48 11
72 10
26 12
2 20
32 19
36 69
50 35
29 69
44 36
42 39
9 39
49 74
35 61
25 67
44 22
33 37
18 58
49 4
1 55
5 47
70 30
56 31
19 68
37 30
8 62
10 21
66 6
24 0
5 14
26 45
24 28
52 45
42 51
73 17
33 2
8 70
75 54
57 58
16 43

jin random 93
[[9, 15, 19]]
vfile
22
9 2
15 2
19 2
16 1
2 0
7 0
8 0
11 0
17 1
13 0
0 1
5 2
20 0
3 0
4 2
1 2
6 2
21 2
12 2
10 2
14 1
18 0

efile
21
1 4
12 21
8 7
0 5
0 13
3 4
21 6
18 14
16 2
1 6
9 15
17 11
10 12
17 13
2 7
3 20
8 11
19 15
10 14
16 19
20 5

jin random 94
[[0], [19]]
vfile
37
15 1
24 0
32 2
34 2
29 0
35 2
2 0
22 1
3 1
16 2
28 0
11 0
6 1
30 0
23 2
27 2
17 2
10 1
4 0
12 2
33 1
36 0
8 1
5 0
18 0
31 2
20 1
9 0
1 1
0 2
19 1
13 2
21 2
7 0
25 2
26 2
14 2

efile
36
10 4
17 10
9 20
27 23
11 6
24 15
34 29
21 13
25 7
0 19
8 36
17 27
11 28
8 5
30 23
24 32
0 1
2 35
32 34
35 29
18 5
33 36
21 7
33 12
9 1
25 26
3 22
2 22
4 12
6 30
18 31
26 14
19 13
16 3
16 28
20 31

jin random 95
[[4, 18], [9], [10, 24, 14], [11], [12], [15, 16]]
vfile
28
15 2
16 2
9 1
25 2
8 0
13 0
3 2
20 2
22 0
1 0
26 2
0 1
5 0
27 0
19 1
14 2
24 2
10 2
11 1
17 2
21 2
23 0
7 0
6 1
2 1
12 2
18 1
4 1

efile
27
18 4
19 27
19 14
2 6
1 22
24 14
21 23
0 5
17 21
10 11
7 23
0 26
3 13
16 15
8 25
24 10
16 9
6 7
17 11
18 12
8 13
1 26
3 20
27 5
9 25
2 12
20 22

jin random 96
[[30], [34], [39]]
vfile
51
5 0
26 1
21 2
50 0
6 1
24 1
13 0
12 0
36 2
25 0
37 1
22 1
9 1
11 0
28 0
44 1
8 0
23 0
43 2
41 0
47 0
27 1
18 0
45 1
29 0
17 2
38 0
48 2
20 2
30 1
49 2
35 2
33 2
31 0
14 2
32 2
39 1
34 2
16 1
10 0
3 2
7 1
19 0
15 2
2 1
40 0
4 2
1 0
46 2
42 0
0 1

efile
50
33 31
1 4
29 45
50 21
48 20
40 4
41 47
9 22
18 27
16 34
20 30
49 30
18 45
32 39
32 14
40 2
42 46
9 11
17 38
11 28
48 38
50 6
19 7
0 42
8 23
33 35
14 31
25 37
3 7
25 36
24 6
28 44
12 36
27 47
37 22
16 10
26 5
49 35
1 46
43 23
8 44
19 15
10 3
2 15
17 29
34 39
24 13
26 21
12 13
41 43

jin random 97
[]
vfile
13
1 0
8 2
9 0
3 2
6 2
4 0
2 1
7 2
12 0
10 2
11 2
0 1
5 0

efile
12
12 7
4 6
9 3
8 9
3 6
0 5
2 4
8 1
10 12
0 11
10 11
2 7

jin random 98
[]
vfile
3
0 0
2 0
1 0

efile
2
0 2
1 2

jin random 99
[[4, 6], [9], [23], [29, 71], [41, 72], [43, 60, 59], [47], [50], [57], [63, 79], [65], [66], [74], [76], [85]]
vfile
89
25 2
2 0
48 2
27 2
85 1
74 2
50 1
47 2
65 1
41 2
72 2
9 1
80 2
42 0
19 0
35 1
61 1
4 2
6 2
58 1
40 0
49 0
54 1
75 1
64 2
26 0
82 1
71 2
29 2
14 1
33 1
87 0
83 2
18 2
34 2
68 2
69 1
84 0
78 1
32 0
16 2
31 2
51 0
8 1
24 0
15 2
55 2
45 1
30 0
7 2
73 0
5 1
28 1
10 1
13 1
36 1
57 2
38 1
86 1
88 1
53 1
56 1
67 0
52 1
70 1
63 2
79 2
76 1
43 2
60 2
59 2
66 1
23 2
37 1
1 1
21 0
11 2
17 2
0 2
20 1
39 0
77 2
22 0
3 2
46 1
12 0
62 2
44 2
81 0

efile
88
29 14
10 28
10 13
12 46
57 38
56 53
73 5
76 79
1 37
48 27
57 36
66 23
3 22
82 71
77 39
43 60
20 39
73 7
70 63
84 69
24 15
33 87
80 42
51 31
0 20
30 7
18 34
88 86
43 76
52 70
48 2
79 63
32 78
25 2
32 16
4 61
49 54
84 78
75 54
65 41
45 30
18 83
40 58
65 47
59 60
0 17
8 51
34 68
45 55
40 49
72 41
16 31
35 61
72 9
56 67
67 52
55 15
83 87
1 21
74 85
86 38
81 44
4 6
64 26
44 62
58 6
80 9
68 69
3 46
11 21
27 85
50 47
74 50
37 23
77 22
12 62
35 19
8 24
17 11
26 82
42 19
33 14
29 71
66 59
64 75
36 13
88 53
28 5

jin random 100
[[43]]
vfile
48
47 0
38 0
12 0
5 0
21 0
31 1
9 0
7 1
20 0
2 0
19 0
10 2
30 0
18 2
28 0
37 2
41 1
23 1
44 0
25 0
15 0
13 0
39 2
45 1
17 1
6 0
24 0
0 2
4 1
32 0
14 1
34 0
29 2
11 0
33 2
46 2
3 1
35 0
36 0
22 0
8 0
40 2
43 1
27 2
1 0
16 0
42 2
26 2

efile
47
25 15
18 28
36 22
11 29
33 11
28 37
9 7
16 42
17 6
8 22
1 27
34 29
21 31
42 26
17 45
3 46
0 4
13 39
32 14
20 7
10 30
10 19
35 36
41 37
45 39
2 20
40 43
13 15
12 5
2 19
25 44
24 6
35 3
34 14
16 1
9 31
24 0
8 40
41 23
27 43
21 5
12 38
44 23
32 4
38 47
33 46
18 30

Odd line 
[[0],[1,2]]
vfile
5
0 1
1 2
2 2
3 1
4 0

efile
4
0 1
1 2
2 3
3 4

Odd line all free
[]
vfile
5
0 1
1 0
2 1
3 2
4 0

efile
4
0 1
1 2
2 3
3 4

Odd line all free 2
[]
vfile
5
0 2
1 0
2 1
3 0
4 1

efile
4
0 1
1 2
2 3
3 4

Odd line all captured
[[0],[1,2],[3],[4]]
vfile
5
0 1
1 2
2 2
3 1
4 2

efile
4
0 1
1 2
2 3
3 4

Odd line all same
[[0,1,2,3,4]]
vfile
5
0 1
1 1
2 1
3 1
4 1

efile
4
0 1
1 2
2 3
3 4

Odd line one vertex
[]
vfile
5
0 0
1 0
2 2
3 0
4 0

efile
4
0 1
1 2
2 3
3 4

Even line 
[[2,3]]
vfile
6
0 0
1 1
2 2
3 2
4 1
5 0

efile
5
0 1
1 2
2 3
3 4
4 5

Even line all free
[]
vfile
6
0 0
1 1
2 1
3 2
4 0
5 2

efile
5
0 1
1 2
2 3
3 4
4 5

Even line all free 2
[]
vfile
6
0 1
1 0
2 2
3 0
4 0
5 1

efile
5
0 1
1 2
2 3
3 4
4 5

Even line all captured
[[0],[1],[2],[3],[4],[5]]
vfile
6
0 1
1 2
2 1
3 2
4 1
5 2

efile
5
0 1
1 2
2 3
3 4
4 5

Even line all same
[[0,1,2,3,4,5]]
vfile
6
0 2
1 2
2 2
3 2
4 2
5 2

efile
5
0 1
1 2
2 3
3 4
4 5

Even line one vertex
[]
vfile
6
0 0
1 0
2 0
3 2
4 0
5 0

efile
5
0 1
1 2
2 3
3 4
4 5

Circ all free
[]
vfile
7
0 1
1 1
2 2
3 0
4 2
5 0
6 1

efile
7
0 1
1 2
2 3
3 4
4 5
5 6
6 0

Circ all captured
[[0,1],[2,3,4,5,6]]
vfile
7
0 1
1 1
2 2
3 2
4 2
5 2
6 2

efile
7
0 1
1 2
2 3
3 4
4 5
5 6
6 0

Circ all same
[[0,1,2,3,4,5,6]]
vfile
7
0 2
1 2
2 2
3 2
4 2
5 2
6 2

efile
7
0 1
1 2
2 3
3 4
4 5
5 6
6 0

Circ 1
[[1,2,3]]
vfile
7
0 1
1 2
2 2
3 2
4 1
5 0
6 0

efile
7
0 1
1 2
2 3
3 4
4 5
5 6
6 0

Full circ one vertex
[]
vfile
7
0 0
1 0
2 0
3 0
4 0
5 0
6 1

efile
12
0 1
1 2
2 3
3 4
4 5
5 0
0 6
1 6
2 6
3 6
4 6
5 6

Full circ all free
[]
vfile
7
0 1
1 2
2 2
3 1
4 1
5 2
6 0

efile
12
0 1
1 2
2 3
3 4
4 5
5 0
0 6
1 6
2 6
3 6
4 6
5 6

Full circ all captured
[[0,4,5],[1,2,3,6]]
vfile
7
0 1
1 2
2 2
3 2
4 1
5 1
6 2

efile
12
0 1
1 2
2 3
3 4
4 5
5 0
0 6
1 6
2 6
3 6
4 6
5 6

Full circ all same
[[0,1,2,3,4,5,6]]
vfile
7
0 1
1 1
2 1
3 1
4 1
5 1
6 1

efile
12
0 1
1 2
2 3
3 4
4 5
5 0
0 6
1 6
2 6
3 6
4 6
5 6

Full circ all captured2
[[0,1,2,3,4],[5]]
vfile
6
0 1
1 1
2 1
3 1
4 1
5 2

efile
10
0 1
1 2 
2 3
3 4
4 0
0 5
1 5
2 5
3 5
4 5

Full circ all captured3
[[0,3,5],[4],[1,2]]
vfile
6
0 1
1 2
2 2
3 1
4 2
5 1

efile
10
0 1
1 2 
2 3
3 4
4 0
0 5
1 5
2 5
3 5
4 5

Irreg
[[0,1,2],[3],[4,5]]
vfile
6
0 1
1 1
2 1
3 1
4 2
5 2

efile
7
0 1
0 2
1 2
2 5
3 5
4 5
3 4

Irreg free
[]
vfile
6
0 1
1 0
2 1
3 2
4 0
5 2

efile
7
0 1
0 2
1 2
2 5
3 5
4 5
3 4

Irreg all same
[[0,1,2,3,4,5]]
vfile
6
0 1
1 1
2 1
3 1
4 1
5 1

efile
7
0 1
0 2
1 2
2 5
3 5
4 5
3 4

Irreg all same2
[[0,1,2,3,4,5]]
vfile
6
0 2
1 2
2 2
3 2
4 2
5 2

efile
7
0 1
0 2
1 2
2 5
3 5
4 5
3 4

Irreg
[[3,4]]
vfile
6
0 0  
1 0
2 2
3 1
4 1
5 2

efile
7
0 1
0 2
1 2
2 5
3 5
4 5
3 4

moreIrreg1
[[0,1,2],[6],[3,4,5]]
vfile
7
0 1
1 1 
2 1
3 2
4 2
5 2
6 1

efile
9
0 1
1 2
0 2
2 3
0 5
3 5
0 4
3 4
4 6

moreIrreg2
[[0,1,5]]
vfile
7
0 2
1 2
2 1
3 1
4 1
5 2
6 0

efile
9
0 1
1 2
0 2
2 3
0 5
3 5
0 4
3 4
4 6

moreIrreg3
[[0,1,2,3,4,5,6]]
vfile
7
0 2
1 2
2 2
3 2
4 2
5 2
6 2

efile
9
0 1
1 2
0 2
2 3
0 5
3 5
0 4
3 4
4 6

moreIrreg4
[[1],[5]]
vfile
7
0 2
1 1
2 2
3 2
4 0
5 1
6  1

efile
9
0 1
1 2
0 2
2 3
0 5
3 5
0 4
3 4
4 6

rect1
[]
vfile
15
0 1
1 1 
2 2
3 2
4 2
5 0
6 0
7 1
8 1
9 0
10 2
11 0
12 1
13 1
14 0

efile
22
0 1
0 5
5 6
5 10
10 11
1 6
6 11
1 2
6 7
11 12
2 7
7 12
2 3
7 8
12 13
3 8
8 13
3 4
8 9
13 14
4 9
9 14

rect2
[]
vfile
15
0 1
1 0
2 0
3 0
4 1
5 0
6 0
7 0
8 0
9 0
10 1
11 0
12 0
13 0
14 1

efile
22
0 1
0 5
5 6
5 10
10 11
1 6
6 11
1 2
6 7
11 12
2 7
7 12
2 3
7 8
12 13
3 8
8 13
3 4
8 9
13 14
4 9
9 14

rect3
[[0, 1, 6, 2], [5], [11, 12, 7, 13, 8, 3, 4], [10], [14, 9]]
vfile
15
0 1
1 1
2 1
3 2
4 2
5 2
6 1
7 2
8 2
9 1
10 1
11 2
12 2
13 2
14 1

efile
22
0 1
0 5
5 6
5 10
10 11
1 6
6 11
1 2
6 7
11 12
2 7
7 12
2 3
7 8
12 13
3 8
8 13
3 4
8 9
13 14
4 9
9 14

rect4
[[1,6],[4]]
vfile
15
0 2
1 1 
2 2
3 2
4 1
5 2
6 1
7 2
8 2
9 2
10 2
11 2
12 2
13 0
14 1 

efile
22
0 1
0 5
5 6
5 10
10 11
1 6
6 11
1 2
6 7
11 12
2 7
7 12
2 3
7 8
12 13
3 8
8 13
3 4
8 9
13 14
4 9
9 14

rect5
[[2],[4]]
vfile
15
0 0
1 1 
2 2
3 1
4 2
5 0
6 1
7 1
8 1
9 1
10 0 
11 0 
12 1
13 0
14 0

efile
22
0 1
0 5
5 6
5 10
10 11
1 6
6 11
1 2
6 7
11 12
2 7
7 12
2 3
7 8
12 13
3 8
8 13
3 4
8 9
13 14
4 9
9 14

star corners
[]
vfile
11
0 0
1 0
2 0
3 0
4 0
5 0
6 1
7 2
8 2
9 1
10 1

efile
10
0 1
0 2
0 3
0 4
0 5
1 7
2 8
3 9
4 10
5 6

star same
[[0,1,2,3,4,5,6,7,8,9,10]]
vfile
11
0 1
1 1
2 1
3 1
4 1
5 1
6 1
7 1
8 1
9 1
10 1

efile
10
0 1
0 2
0 3
0 4
0 5
1 7
2 8
3 9
4 10
5 6

star
[[5,6],[3],[9]]
11
0 1
1 0
2 0
3 2
4 1
5 2
6 2
7 2
8 2
9 1
10 1

efile
10
0 1
0 2
0 3
0 4
0 5
1 7
2 8
3 9
4 10
5 6

star2
[[1,7]]
11
0 1
1 2
2 0
3 0
4 1
5 0
6 0
7 2
8 0
9 0
10 1

efile
10
0 1
0 2
0 3
0 4
0 5
1 7
2 8
3 9
4 10
5 6

star all cap
[[0,1,7],[2,8],[5],[6],[4],[10],[3],[9]]
11
0 1
1 1
2 2
3 2
4 2
5 2
6 1
7 1
8 2
9 1
10 1

efile
10
0 1
0 2
0 3
0 4
0 5
1 7
2 8
3 9
4 10
5 6

star3
[[2],[3]]
vfile
6
0 1
1 0
2 2
3 2
4 0
5 1

efile
5
0 1
0 2
0 3
0 4
0 5

star4
[[4]]
vfile
6
0 2
1 2
2 2
3 0
4 1
5 2

efile
5
0 1
0 2
0 3
0 4
0 5

square
[[6]]
vfile
16
0 0
1 1
2 1
3 1
4 0
5 1
6 2
7 1
8 0
9 1
10 1
11 1
12 2
13 2
14 2
15 2

efile
24
0 1
1 2
2 3
0 4
1 5
2 6
3 7
4 5
5 6
6 7
4 8
5 9
6 10
7 11
8 9
9 10
10 11
8 12
9 13
10 14
11 15
12 13
13 14
14 15

square2
[[4,8],[2,3],[11,15],[0,1,5,6,7,9,10,12,13,14]]
vfile
16
0 1
1 1
2 2
3 2
4 2
5 1
6 1
7 1
8 2
9 1
10 1
11 2
12 1
13 1
14 1
15 2

efile
24
0 1
1 2
2 3
0 4
1 5
2 6
3 7
4 5
5 6
6 7
4 8
5 9
6 10
7 11
8 9
9 10
10 11
8 12
9 13
10 14
11 15
12 13
13 14
14 15

square3
[[0,1,2,4]]
vfile
16
0 1
1 1
2 1
3 2
4 1
5 2
6 2
7 2
8 2
9 2
10 0
11 0
12 2
13 0
14 0
15 0

efile
24
0 1
1 2
2 3
0 4
1 5
2 6
3 7
4 5
5 6
6 7
4 8
5 9
6 10
7 11
8 9
9 10
10 11
8 12
9 13
10 14
11 15
12 13
13 14
14 15

square4
[[10],[13]]
vfile
16
0 1
1 0
2 0
3 2
4 0
5 1
6 2
7 0
8 0
9 2
10 1
11 2 
12 2
13 1
14 2
15 0

efile
24
0 1
1 2
2 3
0 4
1 5
2 6
3 7
4 5
5 6
6 7
4 8
5 9
6 10
7 11
8 9
9 10
10 11
8 12
9 13
10 14
11 15
12 13
13 14
14 15

square5
[[0,1,2,6,7],[3],[4,5,8,9,10,11,13],[12],[14,15]]
vfile
16
0 1 
1 1
2 1
3 2
4 2
5 2
6 1
7 1
8 2
9 2
10 2
11  2
12 1
13 2
14 1
15 1

efile
24
0 1
1 2
2 3
0 4
1 5
2 6
3 7
4 5
5 6
6 7
4 8
5 9
6 10
7 11
8 9
9 10
10 11
8 12
9 13
10 14
11 15
12 13
13 14
14 15

rand1
[[0,1,3,7,8],[4,9,10],[2,5],[6]]
vfile
11
0 1
1 1
2 2
3 1
4 2
5 2
6 1
7 1
8 1
9 2
10 2

efile
10
0 1
0 2
1 3
1 4
2 5
2 6
3 7
3 8
4 9
4 10

rand2
[[8]]
vfile
11
0 1
1 1
2 1
3 2
4 1
5 1
6 0
7 0
8 1
9 1
10 1

efile
10
0 1
0 2
1 3
1 4
2 5
2 6
3 7
3 8
4 9
4 10

rand3
[[0,2,6],[1,3,4,7,10],[8],[9]]
vfile
12
0 1
1 2
2 1
3 2
4 2
5 2
6 1
7 2
8 1
9 1
10 2
11 0

efile
11
0 1
0 2
1 3
1 4
2 5
2 6
3 7
3 8
4 9
4 10
5 11

rand4
[[0,1,2,3,6,7],[8],[4,9,10],[5,11]]
vfile
12
0 1
1 1
2 1
3 1
4 2
5 2
6 1
7 1
8 2
9 2
10 2
11 2

efile
11
0 1
0 2
1 3
1 4
2 5
2 6
3 7
3 8
4 9
4 10
5 11

rand4
[[0,1,2,3,4,5,6,7,8,9,10,11]]
vfile
12
0 1
1 1
2 1
3 1
4 1
5 1
6 1
7 1
8 1
9 1
10 1
11 1

efile
11
0 1
0 2
1 3
1 4
2 5
2 6
3 7
3 8
4 9
4 10
5 11

rand5
[]
vfile
12
0 1
1 1
2 1
3 0
4 1
5 0
6 1
7 0
8 0
9 1
10 1
11 0

efile
11
0 1
0 2
1 3
1 4
2 5
2 6
3 7
3 8
4 9
4 10
5 11

rand6
[[0,1,2],[3,7,8],[6]]
vfile
12
0 1
1 1
2 1
3 2
4 2
5 2
6 2
7 2
8 2
9 0
10 0
11 0

efile
11
0 1
0 2
1 3
1 4
2 5
2 6
3 7
3 8
4 9
4 10
5 11