Given example
vfile
10
0 0
1 2
2 2
3 0
4 0
5 1
6 0
7 1
8 0
9 2

efile
10
0 1
1 2
2 3
3 4
4 9
0 5
5 6
6 7
7 8
8 9

Single vertex
vfile
1
0 0

efile
0

jin random 1
vfile
76
46 0
4 0
40 1
13 1
1 1
59 2
3 2
48 2
36 1
31 2
32 1
64 1
6 1
67 0
50 0
45 0
52 2
38 1
51 1
26 1
66 0
8 1
63 0
23 1
54 1
37 0
35 0
75 0
70 2
58 2
18 1
25 1
28 1
16 0
5 0
62 0
61 2
68 1
2 1
34 1
0 0
71 2
27 2
20 1
22 2
30 0
73 2
69 1
41 0
42 2
10 0
74 0
29 1
60 1
7 1
65 0
11 0
33 2
39 2
9 2
17 2
43 0
15 0
57 0
53 2
55 1
44 0
24 1
21 0
56 1
12 2
14 1
19 0
47 1
72 0
49 1

efile
75
57 15
32 64
40 13
22 30
17 43
25 28
75 70
48 36
65 11
33 11
19 14
44 55
26 66
64 6
40 4
16 5
41 42
72 49
60 29
9 17
43 15
25 18
27 20
2 34
5 62
61 62
73 30
56 12
74 29
65 7
73 69
58 70
27 71
56 21
1 59
0 71
4 46
10 74
48 3
50 45
26 51
3 59
41 69
60 7
9 39
53 55
58 18
54 23
68 61
1 13
51 38
35 37
75 35
32 31
23 63
20 22
12 14
24 44
8 66
67 6
42 10
52 45
52 38
8 63
33 39
57 53
19 47
36 31
72 47
37 54
2 68
16 28
50 67
24 21
0 34

jin random 2
vfile
10
8 1
5 0
9 2
3 2
7 2
1 0
4 1
0 2
6 0
2 0

efile
9
1 4
1 7
9 3
3 7
0 6
2 6
0 4
8 5
9 5

jin random 3
vfile
28
9 1
8 0
10 1
1 2
0 0
4 2
19 0
15 0
27 2
25 2
23 0
21 1
11 1
22 1
3 1
16 2
18 1
26 2
13 1
6 2
17 0
12 0
14 0
24 2
5 0
20 2
7 0
2 2

efile
27
17 12
26 13
24 14
21 23
13 6
1 10
17 6
25 23
0 4
8 10
11 21
20 7
27 15
24 5
0 1
11 22
16 18
2 7
18 26
12 14
3 22
8 9
19 4
19 15
25 27
16 3
20 5

jin random 4
vfile
79
58 0
25 1
30 0
38 1
13 0
16 0
62 1
46 1
55 0
33 2
43 1
26 1
78 1
67 2
15 0
4 1
27 2
70 0
44 0
64 1
24 0
35 2
12 0
21 1
28 0
9 2
41 2
39 0
76 0
11 2
36 1
61 0
69 2
74 2
54 1
63 2
7 1
18 0
71 0
68 2
77 0
40 2
57 1
51 1
14 0
23 2
6 0
31 0
22 1
50 0
10 0
56 1
19 2
66 0
60 0
73 0
20 0
3 0
2 1
34 0
75 1
17 1
53 1
45 0
48 1
8 2
29 2
59 1
0 2
1 1
72 0
32 2
49 2
37 0
65 0
42 1
47 0
52 2
5 2

efile
78
67 78
18 71
2 3
12 21
57 51
73 60
59 29
56 10
54 63
64 44
16 13
45 53
52 47
56 19
9 41
34 75
40 57
7 63
49 37
72 32
2 34
11 36
68 77
26 43
6 31
42 47
66 60
32 49
65 42
67 15
28 21
0 59
17 53
8 29
25 58
33 43
26 78
38 30
40 77
4 15
35 12
9 28
50 22
72 1
65 37
64 24
76 39
14 23
74 54
48 8
51 14
69 61
36 61
44 70
11 76
41 39
6 23
0 1
46 62
50 10
16 62
17 75
24 35
33 55
73 20
74 69
18 7
22 31
25 30
27 4
66 19
13 38
52 5
46 55
48 45
27 70
3 20
68 71

jin random 5
vfile
18
4 0
8 2
7 0
2 0
15 2
11 1
0 1
9 2
10 2
1 2
6 0
17 2
12 1
5 1
14 2
16 0
13 1
3 1

efile
17
16 14
9 10
17 12
5 14
12 5
2 15
8 7
11 15
1 6
16 13
3 13
0 11
1 10
2 7
8 4
17 6
0 9

jin random 6
vfile
69
35 1
1 0
4 1
25 1
49 2
2 1
21 0
11 2
37 2
55 0
57 1
10 1
19 2
9 0
43 0
54 2
36 2
20 2
5 2
66 1
7 2
58 2
28 0
56 2
63 0
26 1
50 2
40 1
13 0
52 2
23 2
18 1
6 2
17 1
16 0
39 0
30 0
34 1
3 0
29 0
45 2
33 2
12 2
61 1
48 0
24 0
14 2
22 0
62 1
27 0
53 0
38 2
42 1
64 2
60 1
59 0
47 0
67 2
0 1
65 2
44 2
32 1
51 0
68 0
15 0
31 0
8 2
41 1
46 2

efile
68
25 4
1 4
40 13
43 54
48 24
32 51
9 43
37 55
45 29
33 45
24 14
27 62
32 44
66 7
59 60
57 55
64 42
67 47
40 50
0 67
41 46
66 5
58 7
3 29
17 6
42 38
26 63
65 44
25 49
36 20
18 23
16 17
34 3
27 53
59 47
1 35
11 21
56 28
52 23
12 61
10 19
26 50
57 10
18 6
14 22
68 15
16 39
31 15
34 30
36 54
51 68
2 21
64 60
62 22
0 65
8 31
49 2
8 41
53 38
56 63
33 12
48 61
52 13
30 39
11 37
20 5
9 19
58 28

jin random 7
vfile
66
32 0
10 2
48 2
5 1
65 0
16 0
13 2
56 2
9 2
4 1
12 1
11 0
62 0
36 0
15 2
29 0
49 1
37 0
19 2
63 2
21 1
58 2
42 0
47 0
59 0
53 2
22 0
34 1
6 0
50 2
46 0
40 1
54 1
60 0
1 2
27 0
64 0
18 1
52 0
24 1
45 1
57 1
35 1
2 2
7 1
14 0
38 2
0 0
3 1
51 0
43 0
23 2
31 0
8 1
20 0
44 2
41 0
39 2
30 1
26 0
55 2
25 2
61 2
28 1
33 0
17 0

efile
65
40 46
11 12
26 55
25 55
8 20
18 52
43 51
58 21
14 7
58 42
24 45
33 28
9 4
65 5
1 27
36 15
21 63
24 52
41 44
0 3
32 10
42 47
59 47
60 54
0 38
16 13
16 65
50 46
57 35
50 6
34 22
53 22
34 6
49 29
41 39
64 27
26 30
36 62
56 13
2 35
31 23
38 14
25 61
51 3
2 7
8 31
19 37
43 23
48 5
29 15
56 9
48 10
4 12
30 39
49 37
33 17
59 53
19 63
1 60
64 18
11 62
40 54
57 45
20 44
28 61

jin random 8
vfile
84
39 1
61 1
56 0
12 0
0 1
1 0
25 0
49 1
14 2
9 0
6 2
67 1
4 2
41 1
11 2
65 2
82 1
38 2
40 0
24 0
37 1
32 0
17 1
36 1
51 1
59 0
21 1
20 0
60 0
54 1
50 1
29 1
42 2
23 2
16 1
66 0
78 0
58 0
69 2
83 0
35 0
15 2
81 0
71 1
62 2
53 0
8 1
74 1
48 0
80 2
30 2
44 2
5 2
2 1
28 1
57 1
31 0
63 2
77 2
3 0
79 2
73 1
13 2
75 0
26 1
52 2
72 2
45 2
64 0
22 1
68 0
47 1
18 1
19 2
10 0
7 2
43 0
55 2
27 0
76 1
70 0
46 2
33 0
34 2

efile
83
76 70
75 13
65 11
65 82
51 36
46 70
66 78
50 29
60 54
40 38
24 37
27 76
27 55
9 14
80 30
68 47
68 22
32 17
61 39
16 23
2 5
35 83
50 54
57 31
56 12
33 46
56 61
59 21
44 5
35 15
81 15
72 45
41 4
42 29
25 49
41 11
73 79
83 69
43 7
26 75
63 31
2 28
48 74
16 66
18 47
64 22
48 80
53 62
67 6
73 13
81 71
0 12
3 77
72 52
8 53
18 19
10 19
32 37
3 79
42 23
0 1
58 69
20 21
40 24
77 63
59 51
62 71
43 55
1 25
9 6
10 7
8 74
67 4
26 52
44 30
20 60
64 45
33 34
58 78
57 28
49 14
82 38
17 36

jin random 9
vfile
40
18 0
9 2
38 2
34 1
30 2
32 0
8 2
19 1
39 2
27 2
22 1
37 0
13 2
15 0
33 1
23 2
16 0
24 2
35 0
26 1
36 0
0 1
7 2
20 0
17 0
14 2
1 0
28 0
12 2
11 0
25 0
21 1
29 1
5 1
10 1
3 1
6 2
2 1
4 1
31 2

efile
39
28 12
1 28
13 37
11 12
29 21
2 6
4 31
32 30
33 15
24 35
8 19
25 11
19 39
1 14
32 8
27 39
27 22
20 7
33 23
5 29
2 4
0 7
17 14
16 24
13 15
26 36
0 36
34 30
3 6
10 5
37 22
26 35
34 38
9 18
25 21
16 23
10 3
17 20
9 38

jin random 10
vfile
41
5 2
19 1
6 1
10 2
18 1
37 1
13 0
31 0
30 0
0 1
1 0
4 2
12 1
25 0
3 2
27 2
2 0
8 1
22 1
24 2
21 2
40 1
28 2
17 1
29 1
36 0
39 2
32 1
15 2
33 0
11 1
7 2
20 2
16 0
38 2
14 1
35 2
26 1
23 1
34 1
9 1

efile
40
8 2
1 4
35 14
13 37
33 11
16 38
32 15
33 15
13 31
10 18
8 22
26 23
24 22
32 39
40 21
9 34
20 7
36 29
34 23
0 30
18 37
0 1
27 3
19 6
25 12
17 28
2 27
38 14
11 7
40 28
26 35
10 6
4 12
36 39
19 5
25 3
17 29
30 31
24 21
16 20

jin random 11
vfile
64
63 1
0 2
23 2
49 2
34 2
21 0
41 0
43 2
48 1
52 0
20 1
18 1
5 1
3 0
26 2
10 1
9 1
42 1
39 1
8 2
25 0
1 1
24 1
57 1
56 2
16 2
45 2
37 1
40 0
29 2
30 2
4 2
28 1
2 1
35 2
51 1
62 0
13 2
50 1
54 2
55 1
19 1
36 0
46 0
33 1
15 1
58 2
31 0
32 0
12 1
14 1
44 0
27 0
59 0
53 0
11 1
38 0
47 0
6 1
17 2
22 1
7 0
60 2
61 2

efile
63
48 43
48 52
8 39
9 42
0 63
36 46
50 54
54 55
41 21
33 15
52 20
25 1
49 23
40 37
17 6
29 30
4 28
50 13
38 47
6 47
40 29
58 15
8 25
19 36
11 38
3 5
24 1
2 28
18 20
26 3
32 12
51 35
59 27
56 57
60 7
58 31
42 39
2 35
24 57
18 5
16 45
17 22
60 61
56 16
11 53
26 10
32 31
4 30
9 10
12 14
37 45
51 62
0 23
27 44
13 62
49 34
44 14
19 55
59 53
22 7
34 21
41 43
33 46

jin random 12
vfile
16
9 2
2 0
10 2
7 1
6 2
5 1
11 1
3 0
0 0
12 2
8 0
14 0
15 1
13 2
4 0
1 1

efile
15
11 5
1 4
2 10
13 15
10 7
0 3
8 14
6 7
4 13
0 12
5 6
14 15
3 11
8 12
9 2

jin random 13
vfile
69
60 1
14 0
44 0
23 0
40 2
39 0
55 2
58 2
32 1
20 2
65 1
19 2
50 1
61 2
51 0
21 2
15 0
3 1
27 0
47 1
28 1
67 2
68 2
1 1
26 1
17 0
8 1
18 1
52 1
29 0
63 0
4 0
66 0
56 1
57 0
41 1
9 2
38 1
46 1
6 1
13 0
10 0
45 0
35 2
33 2
42 0
11 2
37 1
64 0
48 1
30 2
59 2
54 2
2 0
62 0
12 1
16 2
53 2
34 2
25 1
5 0
0 2
24 0
49 0
43 1
31 0
7 0
22 0
36 1

efile
68
7 31
36 22
24 49
18 52
10 13
0 5
13 6
67 68
35 45
17 26
2 62
2 54
16 53
42 11
46 38
50 61
46 6
55 39
52 29
16 12
65 20
43 31
8 18
32 20
58 55
22 7
66 4
65 19
4 63
41 9
33 35
12 62
64 48
25 34
1 68
49 43
57 41
27 3
56 66
56 57
34 53
67 28
25 5
27 47
51 61
40 39
33 42
1 26
51 21
60 14
50 19
32 58
3 15
8 17
0 24
59 30
64 37
40 23
44 14
21 15
48 30
28 47
44 23
59 54
10 45
11 37
29 63
9 38

jin random 14
vfile
11
8 1
6 0
0 2
10 1
7 1
4 0
5 2
3 2
9 1
1 1
2 2

efile
10
9 1
0 6
9 3
10 7
0 10
4 5
1 2
8 6
3 5
4 7

jin random 15
vfile
88
1 0
64 0
49 0
81 1
47 2
51 2
15 0
0 2
36 0
85 0
41 2
29 1
74 2
62 1
68 2
75 1
54 0
76 0
50 0
66 1
38 2
3 0
86 2
70 2
10 1
4 2
22 2
37 1
63 0
80 0
12 0
40 0
67 1
78 1
82 1
55 1
9 2
16 1
60 2
11 0
77 0
58 2
45 1
52 1
84 2
17 2
18 0
5 2
8 2
42 2
32 1
48 0
44 2
83 1
71 2
21 1
26 2
34 0
35 1
65 1
56 1
27 0
33 1
79 2
46 0
23 2
61 0
73 0
53 1
25 0
13 1
20 1
72 0
59 0
14 2
30 2
39 0
24 2
57 1
87 0
43 1
69 1
7 1
31 0
6 0
28 2
19 2
2 0

efile
87
67 78
31 7
37 63
40 12
40 67
56 27
16 60
43 87
83 71
73 53
24 39
81 49
33 79
32 42
81 47
26 34
64 49
2 19
17 18
56 65
18 5
37 22
46 79
11 77
52 84
14 30
52 45
41 29
26 21
10 4
72 59
25 13
80 63
82 78
74 62
68 62
72 20
6 31
36 85
17 84
11 60
61 23
8 5
21 71
66 38
51 15
75 68
51 47
58 77
83 44
58 45
46 23
20 13
64 1
75 54
34 35
43 69
3 38
25 53
19 28
65 35
74 29
32 48
57 87
82 55
16 9
9 55
80 12
48 44
24 57
41 85
59 14
28 6
4 22
0 15
33 27
69 7
50 76
8 42
0 36
73 61
70 86
10 70
30 39
76 54
50 66
3 86

jin random 16
vfile
94
59 0
53 2
75 0
3 2
55 2
56 2
45 1
82 1
85 0
86 2
62 1
74 0
70 1
11 2
51 2
65 0
93 0
14 2
23 0
21 1
2 2
77 2
19 0
76 2
35 1
5 0
63 1
26 1
29 0
72 0
61 0
10 2
52 2
64 1
79 0
34 2
13 2
37 2
83 1
49 0
36 0
12 1
39 2
42 1
16 2
32 0
25 2
28 0
57 1
89 2
8 0
1 0
18 2
27 1
48 2
58 1
47 1
90 2
20 1
0 1
66 0
31 2
41 0
7 1
43 1
15 2
38 1
33 1
92 1
4 1
71 2
30 0
17 1
88 1
40 0
60 0
80 1
69 0
44 0
50 0
67 0
87 2
22 0
54 1
73 1
6 1
9 1
46 2
68 0
78 1
24 2
84 2
91 0
81 2

efile
93
22 87
34 13
82 85
43 15
9 46
3 55
80 69
4 71
51 11
75 53
2 21
48 27
41 31
10 61
33 38
0 66
12 39
72 61
64 79
50 44
74 70
25 28
65 51
21 23
85 86
19 77
74 62
58 47
19 76
32 25
92 4
43 7
67 87
0 20
73 6
56 55
68 78
89 57
36 12
34 79
64 52
16 32
33 92
35 5
80 60
90 20
14 23
82 45
18 27
91 84
26 63
3 75
35 76
26 29
49 36
1 18
44 69
83 37
59 53
49 83
50 67
37 13
30 71
68 46
11 70
24 84
16 42
5 63
41 7
40 60
90 47
9 6
56 45
88 40
81 91
8 1
24 78
62 86
10 52
93 14
2 77
48 58
42 39
38 15
54 22
66 31
72 29
57 28
8 89
88 17
73 54
65 93
17 30

jin random 17
vfile
62
15 1
19 2
56 1
25 0
35 2
12 0
11 1
17 1
18 0
40 0
30 0
26 2
16 0
44 2
49 0
7 2
55 0
10 1
13 0
20 0
61 0
28 2
3 0
60 1
32 1
59 2
46 1
42 1
41 0
52 1
43 2
22 0
37 2
57 1
48 0
2 0
4 2
14 0
50 1
36 2
1 0
27 2
23 0
53 0
45 0
5 0
34 0
51 0
29 1
6 0
31 0
0 0
47 2
54 0
24 0
39 2
33 0
58 2
21 0
9 2
38 0
8 1

efile
61
41 52
24 54
11 12
10 55
10 13
58 21
41 42
54 47
3 60
27 23
6 31
1 36
29 6
9 21
0 47
16 26
1 27
53 23
56 25
16 44
24 39
57 37
59 46
32 59
42 46
2 4
25 35
45 53
8 38
56 19
34 5
40 18
26 30
43 52
17 11
17 18
49 7
34 51
48 2
49 44
37 22
4 14
51 29
50 14
50 36
40 30
20 61
3 28
55 7
20 13
19 15
32 60
35 12
48 57
0 31
5 45
33 58
33 39
28 61
43 22
9 38

jin random 18
vfile
4
1 1
0 1
3 2
2 0

efile
3
0 1
2 3
0 3

jin random 19
vfile
76
68 0
1 1
35 0
60 0
57 0
43 1
46 0
74 1
65 2
31 1
64 2
52 1
41 1
29 0
17 0
22 2
2 2
26 2
16 2
7 1
66 0
75 1
61 0
50 0
13 1
54 1
11 0
48 2
36 2
3 2
37 0
25 1
56 2
34 2
9 2
62 1
6 0
38 0
39 0
71 0
8 2
23 1
0 0
45 2
63 2
27 1
59 0
47 0
58 0
28 1
73 1
72 1
14 2
15 2
55 2
69 2
70 1
49 0
19 2
24 2
51 2
32 1
21 1
42 1
20 0
12 1
30 0
40 0
18 1
10 1
33 1
67 2
53 0
5 0
4 1
44 2

efile
75
69 55
49 70
41 52
69 70
38 6
42 21
32 51
48 36
74 46
56 34
8 71
4 5
13 54
43 46
66 7
24 51
9 62
72 73
64 31
14 15
16 7
11 54
72 14
24 19
16 26
58 47
18 10
50 13
56 25
3 37
65 74
50 61
57 60
62 6
27 63
9 34
59 47
1 35
71 39
4 44
48 11
45 63
75 61
49 19
35 60
33 10
8 23
33 67
25 37
1 68
40 18
42 20
67 53
59 27
57 43
17 22
38 39
12 30
5 53
20 12
2 26
65 31
55 15
40 30
64 52
0 45
2 22
3 36
0 23
17 29
66 75
32 21
41 29
73 28
58 28

jin random 20
vfile
95
9 1
40 2
7 1
50 0
36 1
59 0
46 2
79 1
62 0
76 2
16 0
27 1
5 0
72 1
65 1
54 0
25 1
78 0
93 1
8 1
94 1
41 2
51 1
3 2
28 1
20 0
71 0
31 0
1 1
68 0
90 2
29 2
18 2
85 2
53 1
45 0
37 2
60 0
67 0
32 0
4 1
24 1
23 1
89 1
33 1
19 2
88 2
74 0
56 2
75 1
42 1
63 1
10 2
34 1
17 1
58 1
61 2
0 0
81 1
80 0
2 2
70 0
26 2
30 0
13 1
14 0
44 1
48 0
35 1
38 2
11 2
91 0
21 1
49 2
69 2
64 0
6 0
55 0
39 0
86 2
82 1
84 1
12 2
73 0
52 1
66 2
15 0
47 0
43 2
77 0
92 1
87 1
22 0
83 0
57 2

efile
94
72 5
22 87
92 87
57 83
25 78
48 35
33 19
42 75
17 58
2 70
20 71
58 61
73 12
59 46
42 63
45 53
1 68
82 84
3 51
46 79
3 28
25 54
60 37
18 29
66 52
31 71
86 39
18 85
53 85
64 6
28 20
91 21
66 15
0 61
39 55
73 52
11 38
80 81
40 7
41 51
24 23
67 60
10 34
35 38
88 19
43 77
47 15
49 21
37 45
44 14
1 31
56 75
32 4
40 9
26 70
82 86
43 47
56 74
49 69
91 11
6 55
90 68
0 81
90 29
26 30
13 14
83 22
59 36
48 44
92 77
8 93
50 36
16 27
72 65
80 2
8 94
62 79
84 12
64 69
16 76
65 54
13 30
10 63
32 67
24 4
88 74
50 7
41 94
93 78
89 33
89 23
27 5
76 62
17 34

jin random 21
vfile
9
3 2
0 1
6 1
4 1
5 0
8 1
7 2
1 1
2 0

efile
8
4 6
0 6
1 7
1 2
0 3
4 5
8 7
8 5

jin random 22
vfile
70
6 2
9 0
4 1
43 1
54 2
59 1
1 1
37 2
0 1
23 0
14 0
30 0
49 2
29 1
53 1
5 0
24 1
38 0
7 0
50 1
26 0
17 2
64 2
2 1
47 2
16 1
27 0
45 1
69 2
51 1
12 2
57 1
32 1
55 2
35 2
40 1
65 1
19 1
11 2
22 1
46 0
8 0
68 1
18 1
41 0
58 2
3 2
52 2
60 2
10 0
44 0
20 1
67 0
48 2
62 0
39 0
31 0
42 0
21 1
56 1
36 1
13 2
66 0
34 1
33 2
61 1
15 2
63 1
28 1
25 1

efile
69
24 38
11 19
42 21
43 54
56 36
25 28
62 39
66 34
48 62
14 23
42 31
17 26
0 37
9 4
57 12
43 4
16 47
51 69
9 6
69 45
64 17
49 30
8 68
40 35
50 26
56 21
50 7
24 5
1 59
40 65
64 2
65 19
27 45
49 29
1 37
31 39
32 57
46 22
18 68
66 13
33 61
32 55
61 15
41 58
28 63
10 44
48 67
11 22
33 34
41 18
38 7
5 53
51 12
3 52
2 47
16 27
52 60
63 15
0 23
14 30
59 54
8 46
36 13
10 60
53 29
35 55
44 20
67 20
58 3

jin random 23
vfile
94
3 1
61 0
10 1
74 2
75 2
60 1
73 0
33 1
28 0
62 0
15 0
22 2
90 0
30 1
72 0
4 1
12 2
88 0
37 0
8 1
47 0
66 0
13 2
77 0
9 1
1 0
64 2
19 1
54 0
29 1
23 2
21 2
81 0
50 0
87 1
79 2
89 2
92 2
65 0
17 2
70 1
76 2
52 1
14 0
41 0
42 2
84 1
36 0
20 2
56 1
83 0
31 2
2 0
91 2
46 0
59 2
63 0
71 2
35 2
38 0
82 2
57 2
11 0
55 2
68 0
80 2
18 2
48 2
0 1
7 0
58 2
16 0
53 0
86 1
44 1
24 1
45 1
67 2
85 2
78 0
40 0
69 0
39 1
25 0
6 0
93 1
34 0
26 1
32 1
5 2
27 2
51 0
49 2
43 0

efile
93
76 70
2 31
69 39
73 60
91 46
16 53
65 17
34 93
36 20
59 46
29 54
35 71
80 68
34 26
16 58
32 26
10 61
32 5
9 1
24 44
25 6
40 69
42 84
89 92
57 11
25 39
57 82
66 47
21 23
41 42
2 91
33 28
58 7
59 63
83 31
88 12
3 61
51 27
41 14
9 77
40 78
74 75
35 38
79 87
89 79
64 19
4 12
77 13
84 36
62 15
64 1
52 14
19 54
85 78
68 55
17 70
50 87
76 52
48 18
72 30
53 86
22 15
11 55
90 30
71 63
10 74
80 18
44 86
81 21
28 62
65 92
24 45
93 6
73 33
88 37
90 22
8 47
81 50
56 20
8 37
67 85
0 7
29 23
49 43
66 13
72 4
48 0
67 45
27 5
75 60
49 51
82 38
56 83

jin random 24
vfile
23
13 1
8 0
4 2
12 1
10 2
17 2
0 0
15 0
20 1
3 0
16 1
11 1
7 2
1 0
9 2
2 0
14 0
22 1
6 1
18 1
21 0
19 2
5 0

efile
22
17 10
0 17
9 2
1 7
16 11
14 22
18 6
19 21
10 12
2 14
8 13
11 7
3 20
1 9
22 6
18 21
4 12
19 5
0 15
20 15
16 3
8 4

jin random 25
vfile
88
76 1
66 0
38 1
35 0
77 2
49 0
11 2
57 2
39 1
0 1
30 0
63 1
59 0
52 1
14 1
7 1
24 1
60 2
48 2
81 2
26 2
13 1
25 0
5 2
42 0
87 1
28 2
43 0
3 1
20 0
85 0
22 2
19 1
27 0
68 1
23 2
21 1
58 0
32 0
67 0
37 1
34 1
72 2
64 0
44 1
62 2
33 1
71 2
8 2
82 1
69 0
46 1
1 2
29 1
80 0
75 0
51 1
40 2
54 2
9 1
84 2
53 2
86 1
12 2
45 1
74 2
55 1
6 0
36 0
15 2
31 0
18 0
79 0
17 0
10 1
83 2
70 2
2 0
78 1
65 2
61 1
47 0
41 0
16 2
50 0
73 0
4 2
56 1

efile
87
27 19
16 50
8 71
26 13
14 7
67 37
42 87
65 61
48 81
64 44
2 70
80 29
28 87
69 46
27 68
30 63
72 34
66 76
35 77
57 11
24 7
25 13
21 23
33 71
82 69
59 63
56 4
66 38
12 86
48 60
31 15
83 70
18 79
35 38
17 79
34 37
73 50
59 52
72 64
32 58
74 45
0 39
52 14
85 22
10 83
49 77
74 55
24 60
58 21
8 82
53 86
9 84
6 55
9 54
33 62
61 47
16 41
84 53
1 29
36 6
49 11
12 45
40 54
17 10
32 67
73 4
44 62
40 51
41 47
36 15
20 85
3 43
42 5
68 23
80 75
0 30
81 26
43 28
25 5
65 78
1 46
3 20
57 39
2 78
51 75
19 22
18 31

jin random 26
vfile
36
23 1
22 2
0 0
5 1
15 1
29 1
9 0
14 0
16 1
26 1
6 2
25 0
3 0
24 1
7 0
34 0
35 0
2 0
33 0
30 1
18 1
20 2
1 2
27 1
31 0
10 2
28 1
13 2
8 2
32 1
12 1
11 1
17 1
19 2
21 2
4 2

efile
35
9 29
11 12
10 28
24 7
0 22
0 5
16 26
1 27
26 6
8 32
22 23
9 14
18 20
33 30
1 20
16 14
32 12
28 13
27 31
4 21
5 15
19 21
17 11
2 35
24 3
8 13
29 15
17 19
25 6
25 3
34 7
10 31
33 2
34 35
18 30

jin random 27
vfile
13
4 2
10 0
1 2
11 2
3 0
6 0
9 0
8 1
2 1
12 2
7 0
0 0
5 0

efile
12
10 4
8 2
9 6
12 7
1 11
8 9
3 6
2 12
0 5
0 7
3 11
1 10

jin random 28
vfile
21
3 2
10 0
11 0
20 0
13 0
0 2
19 2
9 1
6 1
4 1
5 2
18 0
14 1
7 1
8 0
17 1
2 1
16 1
15 1
1 2
12 2

efile
20
4 6
1 15
4 5
8 7
14 7
10 11
0 13
18 14
9 6
16 2
0 19
17 2
16 15
1 12
18 5
8 17
20 13
10 3
11 20
9 19

jin random 29
vfile
80
28 2
10 0
66 1
0 2
73 0
46 2
19 1
36 1
74 1
7 2
77 1
33 2
71 1
44 0
22 0
23 0
38 1
6 0
2 0
40 0
20 2
26 2
21 1
53 2
16 2
13 2
68 2
31 2
45 2
9 2
57 1
5 0
63 1
78 1
32 1
61 1
56 1
69 1
55 2
42 1
79 2
62 0
64 0
48 0
76 0
49 2
60 2
59 2
65 1
17 0
14 0
34 1
15 0
72 0
30 0
18 0
75 0
50 0
29 2
67 1
25 2
24 1
51 0
11 0
35 0
41 0
3 2
43 2
1 2
8 2
27 1
54 2
39 1
37 1
4 1
70 1
58 0
12 2
47 2
52 2

efile
79
38 6
10 28
40 20
16 53
65 17
50 29
22 23
48 76
58 12
16 13
44 71
52 47
11 51
49 60
1 43
34 14
37 39
34 15
0 66
57 5
9 45
35 11
0 73
26 21
69 55
56 61
77 7
64 62
41 35
33 71
50 75
42 79
10 66
19 36
24 25
17 14
18 75
64 48
74 36
32 61
32 78
78 63
53 21
9 57
56 69
2 6
24 51
59 60
33 77
72 30
68 13
40 2
72 15
65 59
58 70
12 47
27 54
73 46
26 20
54 39
62 79
8 27
38 23
42 55
5 63
68 31
67 29
4 70
43 3
8 1
49 76
25 67
45 31
44 22
4 37
74 7
19 46
41 3
18 30

jin random 30
vfile
11
7 1
0 2
1 0
2 0
3 1
9 0
10 2
8 2
4 1
5 0
6 2

efile
10
2 3
9 3
1 2
9 10
4 5
0 1
8 10
5 6
0 7
8 4

jin random 31
vfile
56
27 2
18 1
12 1
4 2
50 2
1 0
26 2
3 0
34 0
42 2
23 0
36 1
16 1
25 0
48 0
52 1
45 0
33 1
31 0
29 2
49 1
19 0
7 2
39 0
11 2
43 1
53 1
40 1
21 0
46 2
9 2
15 0
55 2
17 0
47 2
41 0
44 1
24 1
54 2
22 1
13 0
37 1
35 2
30 1
6 1
14 2
5 1
38 2
2 1
10 1
28 1
51 0
0 1
8 0
20 0
32 1

efile
55
33 31
43 11
24 54
37 13
10 28
33 45
43 53
8 20
29 31
50 4
17 47
18 27
41 47
21 46
41 44
34 3
34 42
36 23
9 46
51 28
40 21
32 20
35 30
11 39
9 15
49 19
19 7
17 55
26 3
42 23
49 29
1 50
2 38
6 14
18 12
54 22
16 25
0 8
1 26
55 15
13 22
35 37
2 10
5 14
24 44
12 4
48 25
30 6
52 45
5 38
16 36
39 7
48 52
0 51
40 53

jin random 32
vfile
11
4 1
8 2
7 2
2 2
3 0
1 2
10 0
9 2
0 2
5 2
6 1

efile
10
2 3
9 10
2 7
8 7
0 5
5 6
1 10
1 3
8 4
0 9

jin random 33
vfile
89
57 0
52 1
77 1
11 0
42 2
72 2
35 1
82 2
61 2
38 2
24 1
4 0
86 2
25 1
78 1
44 0
21 1
64 2
65 1
28 0
30 2
48 0
8 0
19 0
18 1
26 1
41 1
9 2
67 0
45 2
58 2
66 2
84 0
71 0
33 2
20 0
85 2
14 2
23 1
51 2
6 1
16 0
34 0
40 0
13 0
5 1
39 0
37 2
15 1
3 1
81 2
68 0
0 2
1 1
60 2
73 2
27 1
87 2
46 0
63 0
32 2
80 0
75 0
50 1
83 1
29 0
79 2
22 2
36 0
62 2
7 2
10 0
17 2
12 1
54 0
88 2
31 0
74 0
49 0
70 0
53 0
59 1
56 0
2 2
69 2
76 1
47 2
55 2
43 2

efile
88
5 39
2 69
5 13
85 14
73 60
25 78
0 68
81 3
16 34
64 65
76 47
51 23
41 9
81 68
36 62
37 39
50 83
18 26
11 77
56 59
48 30
46 87
12 54
73 27
33 71
9 67
50 75
44 21
56 2
33 20
46 63
49 74
58 45
37 15
58 66
82 35
83 29
4 86
51 6
1 60
49 70
72 42
44 78
72 35
55 47
61 38
14 23
41 26
28 30
48 8
66 84
18 19
64 21
0 1
32 80
59 53
27 87
24 38
17 10
40 13
36 22
22 79
17 12
88 31
43 55
16 6
8 19
24 4
40 34
52 77
74 31
42 11
10 7
20 85
76 69
88 54
80 75
84 71
65 28
53 70
62 7
25 86
82 61
67 45
57 52
3 15
32 63
29 79

jin random 34
vfile
66
63 0
22 0
44 2
14 1
38 0
12 0
35 0
0 1
47 1
27 0
1 1
32 0
39 2
51 0
33 2
8 2
61 0
59 2
19 2
16 2
64 0
24 0
46 2
37 1
42 0
6 1
49 1
20 0
23 1
25 1
50 0
62 2
57 2
48 2
53 1
28 1
9 1
55 2
13 0
31 1
5 1
45 0
30 2
21 2
7 0
54 1
18 1
15 2
60 2
58 2
41 2
40 0
3 0
11 0
10 0
52 0
43 2
34 2
17 0
65 2
29 2
2 1
4 2
56 0
36 2
26 2

efile
65
18 15
37 46
33 51
40 41
2 29
56 36
28 53
64 24
50 62
13 31
18 54
58 60
0 47
10 11
1 27
8 61
65 17
25 23
42 37
51 39
48 53
40 3
57 62
5 31
34 43
0 35
32 39
42 6
13 55
2 4
59 61
65 29
11 3
56 4
10 52
8 33
9 55
26 36
22 63
43 52
49 20
41 58
38 14
44 22
27 47
19 59
54 7
32 1
21 7
60 15
49 6
20 23
21 30
48 57
12 38
44 14
35 12
9 28
45 5
16 19
24 46
17 34
25 50
45 30
16 64

jin random 35
vfile
48
11 2
44 1
14 2
32 2
16 0
21 2
45 0
25 2
7 2
40 1
2 2
27 2
23 1
18 2
30 1
37 2
5 1
20 2
4 2
15 0
26 1
36 1
6 2
19 2
12 1
39 1
38 1
9 2
1 0
3 2
8 0
46 2
43 2
24 2
41 2
33 2
31 1
47 1
10 1
35 2
34 1
29 1
13 0
28 2
17 0
42 0
0 1
22 1

efile
47
33 31
0 22
16 21
43 46
27 23
11 44
47 31
34 29
25 7
18 23
34 35
40 2
32 14
10 35
17 42
40 7
1 3
5 37
24 41
0 42
26 36
28 13
8 3
19 6
17 28
2 27
38 39
9 38
26 15
20 4
45 21
37 30
32 16
12 39
9 1
10 47
41 33
4 15
19 12
24 43
44 14
36 6
8 46
25 45
20 5
13 29
18 30

jin random 36
vfile
78
23 2
11 0
52 1
77 1
7 2
58 1
48 2
53 2
71 2
5 1
6 0
26 1
51 1
0 1
70 2
2 0
28 0
18 1
56 0
14 0
4 0
72 2
13 1
30 2
24 0
9 1
3 2
36 2
47 1
50 2
63 1
75 0
37 2
21 2
10 2
67 2
69 1
8 2
42 1
32 2
57 2
60 2
33 2
15 0
22 1
43 1
46 1
49 1
40 0
16 2
66 1
65 0
76 0
38 2
68 0
17 1
73 2
39 0
41 2
34 1
64 2
35 2
59 0
54 1
45 0
12 2
25 1
27 1
31 2
74 0
20 2
55 0
61 1
44 1
29 1
1 1
19 1
62 2

efile
77
18 28
53 71
17 68
24 30
56 18
44 61
26 6
2 70
32 42
1 19
50 63
19 62
24 9
26 51
10 67
11 23
67 69
8 69
72 13
10 21
49 46
20 55
3 36
59 54
11 52
76 38
77 7
58 7
44 29
2 28
36 47
65 76
27 31
75 37
65 66
45 54
16 66
74 20
73 17
61 55
68 38
0 51
43 22
9 3
40 16
43 46
33 15
73 39
41 34
48 53
22 15
59 35
40 49
41 39
32 57
4 14
64 35
33 60
25 27
1 29
12 45
0 70
75 63
13 30
52 77
74 31
57 60
5 6
56 14
50 47
8 42
48 58
25 12
72 4
64 34
21 37
5 71

jin random 37
vfile
88
41 1
2 0
24 0
84 2
44 1
73 1
23 0
52 1
5 0
3 1
19 1
14 2
13 0
70 0
46 0
38 0
60 2
20 0
43 0
17 1
26 2
75 2
77 0
33 1
22 0
40 2
69 2
78 0
76 0
65 2
57 0
32 1
30 1
81 2
61 0
8 1
55 1
74 2
54 1
4 2
9 2
64 1
80 2
59 0
21 0
12 0
53 0
0 0
31 0
36 0
6 2
29 2
28 0
35 1
34 2
11 1
71 1
85 0
48 0
67 0
47 0
66 1
15 1
18 0
56 0
83 2
50 1
62 1
25 1
1 1
72 1
58 1
45 1
42 0
27 2
63 1
68 1
37 0
39 2
82 2
86 2
16 0
7 0
51 1
87 2
79 1
10 1
49 1

efile
87
19 14
12 21
68 63
51 7
32 30
67 47
46 70
56 18
38 46
82 39
76 78
72 58
68 37
48 67
50 83
12 53
37 39
40 69
36 31
24 2
13 70
17 43
59 21
66 47
29 6
66 15
16 7
81 30
35 28
26 75
3 5
4 54
65 76
73 23
79 87
58 45
19 3
16 86
8 55
33 22
34 35
64 80
0 53
74 55
82 86
72 1
64 9
34 11
74 54
33 77
8 61
49 10
27 63
52 23
80 59
42 45
32 57
13 14
42 27
81 61
11 71
75 77
0 31
36 6
18 15
24 84
40 22
17 26
9 4
50 62
10 79
25 1
69 78
84 44
41 2
43 20
25 62
48 85
52 5
65 57
85 71
60 20
60 38
28 29
51 87
73 44
56 83

jin random 38
vfile
66
8 0
42 2
12 0
49 1
24 2
40 1
5 1
11 0
51 1
14 2
10 1
6 0
23 1
56 1
33 1
65 0
41 0
62 0
64 2
63 0
60 2
7 1
46 2
18 1
3 0
58 1
15 0
43 0
54 0
30 2
32 1
38 0
57 0
2 2
47 1
36 1
35 2
22 2
9 1
37 0
19 1
25 0
55 2
16 2
4 0
0 0
34 2
26 1
52 2
17 1
27 1
44 2
50 0
29 0
59 1
61 0
21 1
45 0
48 1
1 2
28 1
53 0
13 1
20 0
31 1
39 1

efile
65
1 28
64 62
43 54
41 62
25 55
24 49
40 5
32 30
16 4
17 52
28 53
56 33
42 12
43 15
59 29
57 38
48 1
9 22
11 5
51 14
50 29
9 37
58 15
0 4
64 63
60 63
35 36
25 19
8 42
16 55
26 52
57 2
18 3
17 27
59 61
39 31
51 11
65 33
36 47
6 23
34 26
60 7
54 30
13 53
48 45
18 46
24 40
56 23
2 47
19 37
45 21
46 7
20 13
10 6
27 44
35 22
21 61
10 14
32 38
65 41
58 3
49 12
50 44
20 31
0 34

jin random 39
vfile
64
15 1
31 0
1 0
46 0
30 2
7 2
32 0
44 0
10 0
33 0
36 2
55 2
59 1
43 2
47 0
22 2
16 0
18 1
52 2
41 2
29 0
3 0
42 2
14 2
57 0
34 2
48 1
9 1
40 1
28 2
54 2
37 1
6 1
17 0
49 1
19 1
8 1
45 0
13 1
25 2
20 1
53 0
51 0
60 0
0 1
27 0
11 0
38 2
5 1
21 0
24 0
23 0
61 1
50 0
35 2
62 0
12 1
2 2
4 0
63 0
26 1
58 1
56 0
39 0

efile
63
41 52
20 53
43 47
18 52
36 55
32 44
57 34
25 13
59 55
8 45
43 59
32 7
8 19
3 29
17 6
13 45
11 27
26 58
26 63
37 6
50 61
16 22
61 23
51 53
2 4
56 39
11 38
28 54
0 60
33 10
49 19
37 54
24 23
12 62
30 7
25 20
4 63
50 35
31 15
42 3
10 44
48 9
16 18
17 49
33 36
1 46
22 47
40 28
56 58
35 62
57 14
42 14
51 60
21 5
5 38
1 31
46 30
0 27
48 34
2 12
41 29
40 9
24 21

jin random 40
vfile
65
18 0
25 2
36 0
56 2
37 2
20 2
49 1
54 1
17 2
13 1
11 0
12 0
61 2
15 0
5 0
10 2
35 1
55 2
8 0
52 0
41 1
27 1
39 0
57 0
19 1
31 1
45 2
32 2
40 2
48 1
46 0
28 1
59 2
29 2
24 0
2 0
60 2
63 0
42 2
30 0
44 2
3 1
21 0
43 1
14 0
50 1
58 1
26 2
7 0
64 1
1 1
62 2
16 1
23 1
38 2
22 0
53 2
51 1
34 0
33 0
9 1
6 1
47 2
4 0
0 1

efile
64
41 52
3 21
56 36
11 12
50 58
16 62
19 31
38 23
25 18
17 54
32 45
59 29
57 19
58 26
9 6
6 47
8 52
48 46
42 63
0 4
12 61
10 35
27 39
60 63
51 53
32 40
43 21
2 60
11 13
53 22
28 46
25 36
49 20
61 15
5 15
44 30
64 7
34 51
20 37
26 7
45 31
10 5
24 29
33 34
17 13
50 14
1 62
41 27
59 28
57 39
43 14
16 23
42 30
38 22
3 44
49 54
56 37
8 55
35 55
40 48
64 1
33 9
4 47
24 2

jin random 41
vfile
14
4 1
3 0
7 0
12 1
9 0
0 2
11 2
13 0
6 1
10 0
2 0
5 0
8 1
1 2

efile
13
3 4
12 7
11 13
10 2
3 7
10 6
2 5
13 6
8 1
0 11
8 5
9 12
0 9

jin random 42
vfile
18
17 2
9 2
10 2
14 1
4 1
7 1
13 2
1 1
15 1
0 0
6 2
3 2
12 0
11 1
8 2
2 2
5 1
16 0

efile
17
8 2
8 11
0 6
9 10
13 7
1 15
11 12
3 6
2 5
10 14
0 15
3 12
16 5
4 14
17 9
1 13
4 7

jin random 43
vfile
66
61 1
14 0
17 0
44 0
49 2
52 1
22 1
60 1
27 1
40 1
18 0
42 0
55 1
3 0
28 1
12 1
33 2
5 2
32 2
62 1
35 0
2 0
30 2
15 1
7 0
34 2
36 0
19 2
29 2
41 1
63 0
50 1
57 0
24 1
59 1
11 1
10 1
48 1
43 0
8 1
13 1
65 1
6 2
56 2
0 1
37 0
25 0
53 2
9 2
64 2
23 2
45 1
51 1
20 1
39 2
16 1
26 0
38 1
31 0
21 2
46 1
1 2
4 1
47 2
54 1
58 1

efile
65
61 14
28 12
2 30
48 43
1 4
30 15
45 23
64 9
38 31
52 22
42 55
65 13
25 53
20 39
54 47
65 6
0 37
41 63
10 11
17 44
16 26
11 59
21 46
57 50
58 54
21 31
3 55
9 53
19 36
49 52
51 45
26 38
50 63
17 14
18 42
16 39
27 60
40 18
33 5
25 37
2 35
24 57
19 29
24 59
49 44
8 13
1 46
56 0
32 5
35 62
33 12
34 36
56 6
3 28
32 62
48 10
51 20
8 43
34 7
40 27
41 29
60 22
4 47
7 15
64 23

jin random 44
vfile
38
1 0
10 1
2 0
24 0
32 2
13 1
29 1
30 2
16 2
31 1
14 1
12 0
7 2
36 2
25 0
6 0
8 0
15 2
33 0
22 2
5 1
18 0
20 1
3 0
35 0
11 2
27 0
26 2
37 2
4 0
23 2
0 1
17 1
21 2
9 1
19 2
28 2
34 2

efile
37
34 28
33 15
0 17
17 21
1 10
9 21
19 28
29 30
27 11
36 7
26 37
8 15
18 20
24 32
14 31
25 36
16 31
32 13
5 22
35 3
8 6
18 5
26 27
4 37
12 7
3 20
10 2
12 14
11 35
25 6
0 23
4 23
16 30
33 22
29 13
9 19
24 2

jin random 45
vfile
61
15 2
35 2
58 2
24 0
50 2
7 1
20 0
59 0
10 2
36 0
55 0
51 2
12 2
14 0
60 2
30 2
56 2
45 0
8 0
25 0
11 1
37 1
26 1
28 0
38 2
42 1
31 0
3 2
49 0
54 0
4 1
44 0
53 0
52 2
22 0
32 1
46 0
2 0
19 1
29 1
6 0
5 2
9 0
48 2
33 2
39 2
18 2
57 0
16 1
34 0
27 2
40 2
0 2
23 0
21 1
47 0
1 0
43 1
13 2
41 2
17 1

efile
60
52 53
56 30
35 15
36 55
58 35
21 23
52 22
3 31
8 45
42 31
32 22
29 6
25 11
9 5
42 38
16 34
56 45
2 46
41 17
8 25
20 7
26 37
5 6
41 13
4 54
4 44
28 38
50 7
18 39
57 18
24 58
49 3
59 20
10 36
44 53
2 19
40 0
1 43
19 29
51 55
48 9
21 47
51 12
24 50
1 47
60 14
12 14
32 46
0 23
10 59
60 30
26 28
49 54
16 57
34 27
40 27
43 13
33 39
11 37
48 33

jin random 46
vfile
31
21 0
11 2
23 1
3 2
2 1
29 2
8 1
16 0
26 1
10 1
22 2
6 1
7 0
4 1
30 1
17 1
28 0
0 2
24 0
20 0
14 1
19 2
5 2
1 0
18 1
13 2
27 0
25 0
15 2
9 2
12 1

efile
30
25 15
2 3
2 29
10 22
19 14
20 14
16 26
24 20
27 13
11 21
9 12
9 15
4 7
3 23
6 7
1 18
8 29
17 28
1 5
11 23
0 28
8 16
18 13
0 24
26 10
22 6
4 30
25 27
19 5
17 30

jin random 47
vfile
58
53 2
43 1
41 0
30 1
46 1
57 0
2 1
14 2
45 0
40 2
4 1
20 1
24 0
17 2
15 2
22 0
16 2
35 2
51 1
36 1
54 0
56 0
31 1
28 0
25 1
44 1
8 0
5 1
47 2
12 0
38 1
48 1
33 0
1 2
10 1
26 0
50 0
23 0
32 1
49 0
21 2
0 0
9 0
13 2
29 1
37 0
42 2
55 1
19 2
3 0
6 0
27 2
52 0
11 2
18 2
34 0
7 2
39 1

efile
57
25 28
43 53
33 1
16 35
40 4
0 21
42 55
51 36
32 23
1 10
29 13
27 52
41 43
37 29
9 13
42 37
24 20
16 22
32 49
22 15
39 7
26 50
17 15
8 5
48 38
57 2
50 23
12 47
45 14
18 34
3 6
36 54
25 44
27 6
2 14
56 54
3 19
5 47
4 20
49 21
56 31
0 9
28 31
10 26
8 44
24 17
18 11
40 45
12 38
34 7
46 30
19 55
11 52
41 30
57 46
48 33
51 35

jin random 48
vfile
67
5 0
18 0
31 1
4 1
16 0
48 2
59 0
63 1
58 0
14 0
2 1
53 1
46 0
47 1
0 0
43 0
3 0
61 2
19 2
26 2
25 0
15 1
10 0
65 0
9 0
12 0
35 1
51 2
54 0
13 2
24 1
11 1
7 2
62 2
20 2
17 2
39 1
30 1
57 2
56 1
27 0
22 1
60 2
32 0
21 1
28 1
33 1
66 1
64 0
44 0
50 1
1 1
45 2
8 1
42 0
37 0
41 1
52 1
49 2
36 1
29 0
34 2
38 0
55 2
40 1
23 2
6 0

efile
66
24 11
41 52
25 15
10 15
40 55
4 31
16 4
13 54
33 66
8 45
33 28
56 27
58 63
0 47
50 44
46 47
34 29
38 55
42 37
60 22
64 44
1 45
59 63
3 43
27 22
3 61
8 42
49 52
36 29
9 12
41 37
17 39
28 21
0 43
49 36
58 14
51 54
16 48
64 66
1 50
6 23
48 59
56 57
20 62
2 14
18 5
53 46
65 10
62 7
57 30
11 7
2 53
34 38
25 26
32 60
65 9
35 12
19 61
30 39
18 31
40 23
32 21
24 13
17 20
26 19
51 35

jin random 49
vfile
3
1 2
2 0
0 1

efile
2
0 2
1 2

jin random 50
vfile
92
57 2
64 1
66 0
49 1
74 2
62 0
60 1
80 1
78 2
68 2
85 2
65 2
44 2
77 2
63 1
28 2
22 2
53 0
20 0
43 0
48 2
90 2
18 1
40 2
41 2
56 1
51 1
8 0
6 0
1 1
76 2
88 0
54 1
31 2
52 2
4 2
10 1
39 1
21 1
86 0
58 2
42 2
5 2
71 2
19 2
17 1
32 0
81 1
72 1
82 0
30 1
70 0
37 1
89 2
69 0
91 0
36 1
75 0
50 0
26 0
23 2
38 2
79 1
61 1
59 0
47 1
29 0
9 2
0 0
14 1
67 1
35 1
46 1
34 0
84 1
33 2
2 0
16 1
55 1
27 1
25 0
87 0
11 0
13 0
24 2
45 1
73 1
12 1
15 2
3 0
83 1
7 0

efile
91
34 46
73 45
40 41
10 39
89 37
64 57
54 31
72 82
59 47
73 12
27 55
50 26
59 61
25 87
64 66
65 85
21 39
52 4
32 17
0 9
17 19
21 86
10 4
48 43
9 29
60 62
37 70
56 51
82 30
74 62
50 75
26 23
16 2
49 66
16 55
1 6
1 76
29 47
68 78
49 74
35 67
58 86
38 79
52 31
33 2
24 13
91 36
83 7
80 60
20 53
34 84
28 22
19 71
65 44
90 18
8 51
61 79
53 22
28 63
40 18
44 77
75 36
8 6
70 30
56 41
88 76
83 3
72 81
25 27
77 63
11 87
68 85
35 46
0 14
33 84
38 23
58 42
24 45
48 90
43 20
42 5
88 54
32 81
11 13
80 78
91 69
3 15
12 15
67 14
89 69
5 71

jin random 51
vfile
95
18 1
22 1
2 1
16 1
48 0
70 1
23 2
20 0
45 1
62 1
52 1
7 2
36 0
90 2
81 2
89 0
57 0
61 2
39 0
41 0
92 1
4 2
29 2
72 2
34 0
44 1
77 0
53 2
68 2
27 1
30 2
25 1
43 2
46 2
74 2
91 0
31 1
66 2
69 2
60 2
50 0
35 2
54 0
55 0
49 2
93 0
12 0
82 0
75 1
87 0
85 1
84 1
17 2
26 1
56 2
19 1
8 0
33 0
47 1
76 0
59 0
63 1
80 0
78 1
64 0
65 2
28 0
24 2
3 2
5 0
38 0
94 0
32 1
79 2
11 1
13 0
73 1
9 0
1 0
42 1
71 0
88 2
15 1
21 0
6 1
67 1
58 0
51 0
86 0
40 0
83 2
0 2
37 0
14 0
10 1

efile
94
27 30
18 22
0 37
74 91
58 67
12 93
64 65
53 77
52 7
76 47
56 19
82 12
8 33
94 38
9 1
88 71
61 39
21 15
27 68
37 14
72 34
64 78
49 93
49 55
56 26
40 83
80 63
21 6
4 29
91 31
17 84
16 2
92 4
59 63
3 5
52 62
1 42
89 57
68 53
25 43
85 87
24 28
67 6
34 44
73 13
50 60
43 46
75 87
36 7
41 92
40 86
32 79
73 9
41 39
50 35
44 77
84 85
11 79
33 47
89 81
42 71
5 38
32 94
66 69
48 70
60 69
20 23
20 45
51 86
74 46
0 83
54 55
17 26
57 61
8 19
45 62
90 36
59 76
25 30
58 51
11 13
81 90
16 48
82 75
65 28
80 78
24 3
66 31
35 54
88 15
72 29
70 23
2 22
10 14

jin random 52
vfile
92
39 0
6 0
34 2
71 1
73 0
68 1
27 2
20 0
78 2
21 0
17 0
47 0
30 1
51 0
24 1
49 1
69 2
86 0
77 1
38 0
62 0
76 1
14 0
19 1
25 2
61 0
26 2
32 1
44 1
43 2
53 0
87 2
18 0
36 0
12 0
56 1
60 0
72 2
64 0
84 0
89 1
11 2
5 1
48 2
41 2
46 0
83 0
74 1
65 2
28 1
37 1
16 0
80 1
59 0
58 0
7 0
52 1
88 1
45 0
70 0
90 1
23 0
22 0
31 2
57 1
29 2
4 0
15 2
81 1
85 0
66 1
42 2
91 1
55 2
63 2
13 1
40 0
0 2
8 2
75 0
67 1
1 2
33 2
2 1
50 0
3 1
9 2
54 0
82 0
10 0
35 2
79 1

efile
91
19 14
1 33
34 71
58 59
51 30
17 47
76 14
22 23
88 52
56 60
35 79
52 7
16 37
73 68
32 26
77 38
66 42
27 68
62 38
57 31
56 12
1 67
81 15
43 53
32 44
58 7
77 86
11 5
4 29
65 74
89 84
69 86
26 61
30 47
48 41
66 85
13 63
36 12
72 64
4 15
33 2
2 50
89 11
9 3
88 45
24 49
24 51
82 10
57 29
49 69
8 75
9 54
80 59
91 55
42 91
72 60
82 54
63 55
40 0
74 83
90 70
27 20
40 13
43 44
81 85
28 37
67 75
16 80
17 21
18 36
41 46
22 31
10 35
25 19
20 78
34 6
83 46
64 84
6 39
65 28
90 23
25 61
50 3
0 8
73 71
48 5
21 78
45 70
76 62
18 87
53 87

jin random 53
vfile
13
5 0
4 2
0 2
7 2
10 0
6 2
3 1
2 1
8 1
12 0
1 2
11 1
9 2

efile
12
8 2
2 3
10 7
4 5
1 11
10 6
3 6
0 4
1 12
9 11
0 7
8 12

jin random 54
vfile
77
50 1
40 1
47 0
9 0
76 2
7 1
58 1
34 2
15 1
35 2
4 1
70 0
10 0
57 1
54 0
12 0
45 0
68 0
1 0
24 2
41 2
22 2
74 0
13 2
46 1
39 1
17 0
5 0
55 2
30 0
71 2
37 1
64 1
38 1
49 1
69 1
31 1
72 1
36 1
52 2
43 2
19 1
61 1
66 0
48 0
62 2
11 2
51 2
23 0
27 0
8 1
32 0
73 2
63 1
25 2
0 2
42 1
60 1
28 2
59 1
67 0
33 1
53 1
6 0
26 1
20 1
44 1
16 1
3 2
75 2
56 2
2 0
18 0
29 1
65 2
14 1
21 1

efile
76
66 61
65 14
12 54
33 53
57 54
35 15
17 5
30 71
8 27
67 59
48 62
30 55
37 71
25 63
5 55
42 60
27 23
40 50
58 7
49 69
72 36
56 2
58 34
74 13
16 44
4 70
8 32
26 6
75 3
9 47
41 22
60 28
48 66
76 7
24 1
32 73
57 10
19 43
65 29
51 23
21 14
17 39
24 41
49 38
64 38
36 52
0 42
51 11
72 31
33 67
1 68
46 39
43 52
0 25
35 4
13 46
10 70
34 15
74 22
68 45
59 28
2 18
73 63
69 31
64 37
26 20
19 61
18 29
53 6
56 75
12 45
9 76
20 44
11 62
16 3
40 47

jin random 55
vfile
80
58 1
69 2
23 1
3 1
55 1
76 2
24 2
22 1
34 0
54 2
13 0
42 1
49 2
78 2
75 0
16 2
21 1
62 2
57 1
44 2
52 1
48 1
6 0
27 0
28 1
66 2
74 0
35 2
30 1
71 2
63 1
20 2
65 1
37 2
68 1
46 2
33 2
5 2
60 2
72 2
10 0
70 0
1 1
77 0
12 1
79 1
19 2
4 1
18 2
51 2
29 1
26 2
45 2
73 1
61 2
11 1
41 0
15 2
9 1
36 2
31 0
50 0
7 1
25 1
39 1
43 0
53 0
47 0
38 2
8 1
14 2
0 2
40 0
67 1
2 0
17 0
32 2
59 1
64 1
56 1

efile
79
73 45
1 70
40 67
24 22
25 7
3 55
35 30
9 15
3 23
33 5
68 37
76 55
44 52
32 17
53 47
36 31
1 77
33 46
18 4
9 36
25 39
43 53
66 74
34 54
41 11
57 62
42 13
32 59
19 79
12 79
51 29
48 6
38 47
48 52
8 38
20 63
57 44
50 31
11 61
65 37
13 54
16 21
64 59
21 62
41 15
17 2
2 67
27 28
72 10
34 22
26 29
75 78
63 71
72 60
0 40
58 69
27 6
26 45
43 39
19 4
0 14
8 14
30 71
68 46
49 78
24 76
65 20
66 28
50 7
16 75
49 42
73 61
64 56
69 23
10 70
12 77
74 35
18 51
60 5

jin random 56
vfile
3
2 0
1 1
0 2

efile
2
0 1
1 2

jin random 57
vfile
24
3 1
5 2
9 2
4 0
21 0
19 0
10 0
20 2
12 1
18 1
1 1
11 1
8 0
13 0
0 0
22 1
14 0
7 0
23 1
17 0
6 0
15 1
16 2
2 0

efile
23
6 15
0 22
14 7
9 4
23 7
9 5
17 6
0 13
16 2
16 15
3 5
10 19
22 14
10 20
4 21
19 21
1 18
18 12
8 13
20 12
8 11
1 11
17 23

jin random 58
vfile
78
14 1
65 0
37 1
67 2
56 2
19 2
42 0
0 2
13 0
64 0
23 2
45 2
20 1
60 1
9 1
62 2
22 0
33 1
52 2
28 0
70 0
38 1
3 1
6 2
11 0
41 1
39 1
26 0
31 1
16 1
49 1
12 1
53 0
10 2
15 0
47 1
35 2
72 0
58 2
55 0
8 1
74 0
43 0
40 2
66 2
17 1
71 0
24 0
51 2
30 0
44 1
54 0
36 0
46 0
25 2
69 2
27 2
18 2
2 0
5 2
61 1
76 0
21 2
75 1
32 1
68 2
29 1
73 1
34 0
59 2
48 1
57 1
4 0
7 2
63 2
77 0
1 2
50 2

efile
77
67 37
9 62
51 30
73 34
0 13
56 19
4 7
40 43
72 58
73 29
44 54
61 5
12 53
18 2
63 7
48 57
2 5
26 39
1 77
75 21
16 49
65 14
25 46
57 4
25 69
41 11
34 59
58 55
32 75
33 52
32 68
47 15
24 71
8 55
33 22
64 23
72 35
3 38
65 37
9 60
74 43
24 51
52 28
26 31
18 27
38 70
68 29
64 13
17 71
0 42
41 39
1 50
3 6
16 31
56 67
77 63
76 21
20 45
10 15
45 23
36 46
10 53
27 69
11 6
8 74
40 66
76 61
28 70
44 30
36 54
48 59
20 60
42 19
17 66
62 22
35 47
49 12

jin random 59
vfile
71
39 2
64 2
63 2
50 0
27 1
56 0
9 2
20 2
51 2
68 1
30 0
34 2
28 0
70 2
10 2
38 1
22 0
25 1
31 0
33 1
0 1
41 0
62 0
67 0
53 0
11 2
18 0
49 2
21 0
12 1
60 2
16 1
48 2
36 0
19 0
24 2
1 1
44 1
69 1
32 2
2 1
57 2
17 1
37 1
14 1
59 1
43 1
15 1
4 2
66 0
7 0
61 2
3 0
23 2
35 1
5 1
47 0
65 0
54 1
46 1
42 0
29 2
52 1
40 1
8 1
55 0
58 1
13 1
26 1
45 2
6 1

efile
70
1 44
33 31
57 17
25 22
41 62
12 21
9 20
48 36
65 54
26 13
34 28
35 23
65 47
67 62
17 37
66 7
56 27
16 60
43 59
43 15
24 19
42 29
49 18
46 54
52 29
42 46
19 36
64 63
32 69
24 1
3 61
0 33
58 55
58 13
50 63
57 2
66 4
50 27
3 23
68 30
28 70
16 48
34 30
67 53
51 68
40 52
10 70
44 69
32 2
49 21
5 47
61 7
45 6
12 60
11 53
40 8
64 39
26 45
10 38
18 11
59 14
56 9
0 41
51 20
38 22
4 15
35 5
37 14
25 31
8 55

jin random 60
vfile
45
9 2
37 1
42 0
43 1
20 0
32 2
29 0
21 0
35 2
1 2
40 1
17 0
12 2
8 0
26 2
4 0
2 2
41 1
31 2
36 2
16 0
5 0
15 1
23 0
3 2
33 0
7 2
24 1
0 2
14 1
10 2
6 2
28 0
38 1
39 1
22 2
44 2
30 1
34 2
25 1
27 0
19 0
18 1
13 0
11 0

efile
44
19 27
21 29
17 12
24 7
40 17
16 5
42 43
42 37
41 2
43 20
8 26
9 37
23 15
1 35
2 4
32 20
18 19
33 7
22 39
28 38
8 12
11 13
3 23
25 34
40 1
34 30
5 15
44 30
41 31
44 22
38 39
18 13
33 3
24 0
35 21
28 6
10 6
25 27
10 14
36 31
16 36
0 14
32 29
26 4

jin random 61
vfile
18
3 0
14 0
11 0
0 1
2 1
12 2
1 1
6 1
17 1
10 2
8 2
7 0
4 2
13 2
16 1
9 1
15 1
5 0

efile
17
17 10
16 9
4 13
0 2
5 15
2 12
3 14
1 12
8 10
8 7
0 11
16 13
1 6
9 15
11 14
17 6
4 7

jin random 62
vfile
69
64 1
53 2
61 2
59 1
49 1
39 1
15 1
9 2
58 2
42 1
3 1
38 2
19 1
44 1
67 0
46 0
63 1
40 0
30 1
4 1
10 0
51 2
37 0
17 1
33 1
52 2
2 0
48 1
45 1
5 1
7 0
26 2
34 0
8 0
29 2
50 2
6 1
27 0
11 0
55 0
22 1
47 0
13 2
12 1
24 2
28 0
65 2
21 1
62 1
41 2
57 2
23 1
16 0
25 1
18 1
14 2
56 0
32 1
35 0
60 1
43 1
0 0
1 0
20 0
66 0
36 1
31 1
54 1
68 2

efile
68
10 4
40 63
66 36
3 38
41 62
13 47
67 46
49 39
43 60
58 42
17 37
56 32
21 62
68 54
25 18
65 21
11 27
18 14
32 35
54 31
50 29
66 20
15 39
56 14
59 61
24 12
9 15
50 6
11 55
35 60
0 43
9 58
1 20
22 55
49 59
8 34
0 1
26 34
65 28
67 44
42 3
19 38
46 63
33 52
26 7
8 29
27 6
48 2
16 25
48 45
61 53
22 47
5 7
40 30
4 30
19 44
51 37
16 23
24 28
64 53
5 45
17 33
2 52
36 31
10 51
12 13
57 23
41 57

jin random 63
vfile
67
30 0
43 2
46 2
63 0
47 1
57 2
59 0
26 1
44 2
13 0
19 2
2 2
29 2
23 1
37 0
14 2
52 1
58 1
12 2
62 0
45 2
61 2
6 0
34 2
41 2
53 1
51 2
55 1
42 0
64 0
22 1
33 1
49 2
20 0
15 2
21 1
28 2
48 1
4 1
17 1
40 2
27 2
16 0
9 2
5 2
8 2
0 1
11 0
3 0
39 1
50 0
24 0
32 0
54 1
18 2
1 2
7 2
35 2
25 0
66 2
56 0
36 1
38 1
31 1
60 2
65 1
10 2

efile
66
58 52
56 36
2 29
57 47
32 54
38 31
43 46
42 55
40 17
26 44
64 42
0 11
61 6
45 62
18 54
9 5
41 53
41 34
47 63
25 66
1 7
44 13
26 59
65 60
58 12
57 59
51 53
25 35
48 28
33 49
17 4
8 5
3 11
37 23
28 21
12 62
16 9
34 6
24 32
35 7
29 23
49 20
2 19
46 63
1 18
56 66
48 4
43 30
51 55
20 15
61 45
65 10
50 39
8 0
16 27
64 22
24 50
36 38
3 39
21 15
37 14
40 27
19 13
33 22
52 14
60 31

jin random 64
vfile
22
18 1
0 1
19 1
10 1
8 0
17 2
3 2
21 1
12 0
11 1
5 0
14 0
2 0
6 1
15 2
13 2
16 0
20 0
9 0
4 2
1 0
7 1

efile
21
6 15
1 4
3 21
11 12
2 6
12 21
9 20
9 4
17 3
11 5
1 7
0 19
8 10
16 13
10 19
13 15
0 18
2 14
8 17
5 14
16 20

jin random 65
vfile
7
1 0
6 2
3 0
0 0
2 1
4 2
5 0

efile
6
0 3
4 5
3 6
0 2
2 4
1 6

jin random 66
vfile
58
21 0
10 1
2 1
30 2
42 1
6 1
0 0
35 1
5 0
50 0
7 2
54 2
57 1
19 1
45 1
24 2
37 1
55 1
29 1
33 2
13 2
1 0
23 2
51 0
38 1
4 1
56 0
39 0
3 1
31 1
48 2
11 2
17 0
36 0
34 2
15 2
43 2
8 1
52 2
28 1
41 0
40 0
20 0
49 2
25 2
18 1
16 2
9 2
14 2
47 2
53 0
46 1
32 1
44 2
22 1
27 0
26 2
12 0

efile
57
2 30
57 54
40 41
37 55
32 44
19 45
24 45
3 31
52 28
43 15
25 18
57 19
40 20
0 6
49 25
1 23
8 52
33 29
0 35
24 37
42 6
27 22
56 39
9 14
48 11
50 7
51 23
56 4
26 12
16 9
50 5
49 20
4 38
17 11
53 46
44 22
17 36
54 7
16 18
26 27
34 15
1 13
51 38
48 31
34 36
10 21
10 2
3 39
53 47
42 30
35 5
32 46
8 43
14 47
29 55
41 28
33 13

jin random 67
vfile
24
6 0
15 2
7 1
12 0
1 0
9 1
13 1
21 1
20 2
3 2
18 1
0 2
23 1
16 2
19 2
11 0
10 2
4 0
17 2
5 2
14 0
8 1
2 2
22 1

efile
23
6 15
10 4
11 19
8 2
8 14
17 5
10 11
21 13
9 13
17 4
18 3
0 18
1 12
20 21
12 7
3 20
1 9
5 14
16 23
0 23
2 22
16 19
7 15

jin random 68
vfile
66
58 0
60 0
3 1
32 0
19 1
28 2
31 0
14 0
64 1
49 2
26 0
65 1
57 2
54 0
30 1
56 0
45 1
6 2
55 0
52 2
21 0
24 0
42 2
4 0
17 1
39 1
9 2
2 1
61 0
50 2
29 1
38 2
18 1
35 1
25 2
16 2
20 1
36 2
47 1
44 2
48 1
62 0
33 1
46 0
23 1
43 1
59 2
53 1
37 0
10 1
13 2
41 1
12 0
5 1
1 2
40 2
7 0
22 0
27 2
63 1
34 2
11 1
51 1
15 0
0 0
8 2

efile
65
52 55
34 63
57 54
56 30
42 4
29 38
48 62
10 13
65 26
34 11
3 60
44 47
59 43
58 60
9 2
19 28
56 45
20 36
50 29
50 61
27 63
6 55
41 12
18 35
25 35
41 13
17 4
33 46
27 22
51 11
33 62
17 39
40 7
32 19
51 15
14 31
36 47
10 37
40 1
32 3
64 14
65 57
64 49
54 30
37 53
12 5
9 39
48 44
1 5
24 42
16 25
45 6
0 8
28 31
43 23
46 23
18 38
49 26
2 61
0 15
52 21
59 53
22 7
24 21
16 20

jin random 69
vfile
73
23 1
28 0
45 2
38 0
42 2
49 0
25 1
69 1
59 1
61 2
30 0
3 0
50 0
20 0
54 2
51 0
35 0
24 0
63 0
10 2
4 1
37 2
39 2
48 1
64 1
18 2
34 2
22 2
12 1
2 1
31 0
44 2
71 2
53 2
66 0
40 2
67 2
60 0
62 1
52 1
5 1
72 1
9 0
55 2
1 1
13 2
33 0
17 0
32 0
36 2
68 2
43 1
26 1
58 2
14 0
21 2
0 2
6 1
46 1
8 1
19 1
65 2
16 2
29 0
27 1
15 0
41 1
7 0
70 0
47 2
11 2
57 0
56 2

efile
72
10 4
72 5
70 47
57 11
60 62
27 29
53 71
32 36
10 63
43 68
2 31
26 43
58 14
40 67
0 21
11 47
24 35
8 19
41 7
26 58
42 38
25 69
44 31
49 25
0 6
28 45
66 53
46 6
41 15
59 61
27 15
44 71
21 14
52 62
65 19
34 22
40 66
67 60
18 34
59 69
48 64
49 42
45 38
51 54
52 5
48 39
9 55
12 22
36 68
56 57
3 30
61 30
72 9
50 20
37 39
1 55
50 3
1 13
32 17
4 37
70 7
2 12
8 46
33 17
20 54
24 63
64 18
16 29
16 65
28 23
35 51
33 13

jin random 70
vfile
30
29 1
12 0
21 0
6 1
24 0
9 1
26 1
17 2
10 2
28 2
1 1
2 0
19 1
20 1
8 1
23 2
5 2
14 1
16 2
3 0
7 2
22 0
4 1
18 0
25 2
15 0
0 0
27 1
13 1
11 0

efile
29
17 10
18 4
25 15
1 28
10 28
12 21
8 20
17 26
25 18
21 6
9 26
27 13
5 23
12 29
8 23
11 13
16 14
3 7
24 9
2 19
24 6
19 20
1 2
5 14
4 22
0 15
0 27
22 7
16 3

jin random 71
vfile
33
4 0
27 0
16 1
31 1
15 1
23 0
10 0
2 2
21 1
30 1
3 2
28 0
5 0
6 1
24 1
14 2
13 0
11 1
1 1
22 0
9 2
18 0
29 0
26 2
32 1
20 1
7 1
0 0
19 0
17 2
8 1
25 0
12 1

efile
32
24 14
1 22
9 22
10 23
23 15
0 19
8 25
20 7
5 6
32 20
0 7
27 4
26 29
11 13
15 31
13 14
16 31
2 21
24 6
3 30
25 12
32 26
16 27
9 18
10 2
8 17
3 28
21 30
1 11
17 19
18 29
28 5

jin random 72
vfile
21
6 1
5 1
10 0
13 0
15 2
7 0
9 0
11 2
4 1
12 0
2 2
17 2
20 1
14 0
18 2
0 1
1 2
3 2
16 1
8 2
19 2

efile
20
10 13
9 7
20 14
8 19
18 14
17 2
5 6
9 11
11 4
1 3
13 15
0 18
0 1
10 5
16 8
4 12
2 12
17 20
16 3
7 15

jin random 73
vfile
65
29 1
48 1
22 2
20 2
18 1
40 2
31 1
28 2
11 1
23 2
14 2
44 1
19 2
9 1
63 1
13 0
4 1
15 1
64 0
33 1
37 0
43 1
55 0
52 0
10 0
6 0
46 0
53 2
21 2
17 2
57 2
1 2
30 1
27 0
47 0
61 0
49 1
36 0
0 1
16 2
34 0
26 0
32 0
12 0
56 0
7 1
62 2
3 2
51 1
54 2
35 1
25 1
42 2
58 2
38 2
8 1
41 0
45 0
50 2
39 0
24 0
59 2
60 1
5 1
2 1

efile
64
52 55
17 57
27 30
3 62
58 38
43 37
56 7
14 23
43 55
42 58
59 60
17 21
48 22
16 34
24 39
9 63
56 12
4 13
46 6
25 35
11 28
57 1
10 52
18 20
61 47
49 36
32 12
0 36
40 18
51 54
34 26
50 45
13 63
48 29
53 46
32 26
62 7
33 37
11 23
27 47
51 3
41 45
50 39
8 41
64 15
21 53
49 61
24 59
28 31
64 33
35 54
19 44
4 15
10 6
0 16
44 14
25 42
40 31
60 5
2 5
20 22
9 19
8 38
1 30

jin random 74
vfile
37
16 1
14 2
9 0
12 0
18 0
13 1
20 0
10 0
26 1
7 2
34 0
21 1
19 2
11 2
1 0
29 2
3 0
8 2
22 0
36 1
35 2
33 2
4 2
27 0
25 1
2 1
5 2
6 1
28 1
24 2
17 1
23 0
32 0
30 0
0 1
31 2
15 0

efile
36
11 19
36 22
32 30
32 23
3 29
8 22
5 6
35 36
9 14
27 4
9 12
10 20
16 14
33 35
0 30
15 31
19 21
18 12
26 7
8 3
18 13
10 26
25 2
24 17
1 11
20 13
28 6
25 27
1 29
34 7
2 5
33 4
24 28
17 23
0 31
34 21

jin random 75
vfile
30
21 2
13 0
27 1
2 2
11 1
1 2
19 2
7 1
10 1
29 2
3 0
23 0
15 2
25 1
28 1
18 2
14 2
6 0
17 0
4 2
22 0
0 0
26 0
24 2
9 1
5 2
20 2
16 1
12 1
8 0

efile
29
25 15
18 28
25 28
0 22
2 11
3 29
0 26
9 5
17 6
18 14
13 21
10 7
27 13
15 23
16 12
1 19
17 4
10 29
8 12
19 7
3 23
24 26
24 9
14 6
2 27
1 11
4 22
20 5
16 20

jin random 76
vfile
48
28 0
35 0
40 0
45 1
8 0
15 1
5 1
37 1
10 0
16 1
38 0
0 1
25 0
24 2
27 1
13 2
14 0
21 1
36 0
3 2
47 2
34 2
33 2
26 2
18 0
1 2
46 2
30 0
6 0
29 2
44 0
22 0
39 0
9 0
11 0
17 1
41 2
42 2
7 1
19 1
32 2
43 2
31 0
20 0
2 2
4 0
12 0
23 0

efile
47
36 21
24 27
16 38
41 42
8 45
29 6
35 28
44 29
17 41
27 13
0 38
40 35
12 23
2 4
9 11
24 25
22 39
21 14
8 15
37 5
19 7
32 19
2 20
3 47
42 7
10 37
0 25
13 14
32 43
34 47
5 15
1 18
17 11
9 39
33 26
33 34
44 22
16 10
1 46
26 18
40 45
3 36
4 12
30 6
46 30
43 31
20 31

jin random 77
vfile
88
40 1
45 2
58 2
81 0
10 1
27 0
9 1
31 1
32 2
60 2
55 1
74 0
41 0
59 2
5 1
21 2
87 1
65 0
26 2
7 2
33 2
3 0
17 1
20 0
25 1
6 0
75 2
61 2
1 0
76 1
83 0
72 0
84 1
66 2
71 1
37 2
16 2
85 2
43 1
53 1
50 0
30 1
63 2
12 0
19 0
82 1
23 2
46 2
34 0
36 0
13 2
24 2
73 2
15 2
42 1
86 0
4 1
62 0
28 0
56 2
54 2
78 0
69 2
67 2
79 0
70 0
29 2
51 0
47 1
18 0
22 0
44 1
14 0
80 2
11 1
2 2
39 1
0 2
77 1
49 2
64 1
35 0
8 1
68 1
57 1
52 1
38 1
48 0

efile
87
34 46
21 87
18 22
83 76
60 55
72 83
2 11
8 35
75 6
29 70
56 28
59 5
48 38
16 37
64 49
56 54
67 69
16 85
25 6
21 5
19 12
52 38
30 63
81 10
43 53
70 79
65 26
73 15
78 54
2 39
75 61
1 76
25 20
51 47
26 7
58 45
51 29
18 47
34 36
46 23
42 15
80 14
40 45
44 14
4 86
24 13
0 39
82 19
50 53
74 55
49 77
41 59
82 23
17 3
66 84
24 73
66 71
1 61
64 35
50 30
42 86
28 62
17 20
0 77
57 68
37 71
12 63
4 62
41 74
80 11
69 78
8 68
65 87
33 7
72 84
9 27
44 22
9 31
33 3
57 52
32 31
43 85
32 60
10 27
36 13
81 58
67 79

jin random 78
vfile
18
10 0
2 1
6 1
13 2
8 0
9 1
14 0
12 0
1 2
7 1
17 2
3 1
16 0
4 0
11 1
5 1
15 0
0 1

efile
17
17 3
11 5
10 2
9 14
12 14
2 6
8 9
1 7
5 15
16 4
1 12
13 6
17 7
11 4
0 15
8 13
16 3

jin random 79
vfile
47
20 2
3 1
34 1
30 0
5 1
19 1
33 0
13 1
15 0
28 0
6 1
32 0
46 2
22 0
44 2
45 0
4 2
7 0
16 2
29 2
12 2
17 0
2 0
25 0
37 2
42 1
36 0
31 1
0 0
9 1
26 0
24 2
27 2
39 0
14 0
8 1
1 2
43 0
35 2
18 0
21 1
10 1
41 2
38 0
11 2
40 1
23 2

efile
46
17 12
24 27
8 14
41 38
40 11
16 7
28 15
34 3
33 19
42 37
9 26
32 6
12 29
17 2
27 39
8 1
18 35
11 38
5 30
35 43
4 7
13 15
4 45
25 37
46 22
24 26
34 30
14 39
42 36
1 43
44 22
41 10
44 45
0 9
3 20
10 21
25 2
18 21
32 46
28 6
0 31
19 5
40 23
36 31
16 29
33 13

jin random 80
vfile
7
0 0
5 0
4 1
6 0
3 2
2 0
1 1

efile
6
4 6
2 3
1 2
4 5
3 6
0 5

jin random 81
vfile
31
20 0
14 1
10 1
7 0
13 1
29 2
15 0
19 0
25 1
8 0
28 2
30 1
26 2
0 1
11 0
9 1
5 0
6 2
16 0
1 2
21 2
27 2
4 0
18 0
3 2
12 1
23 0
2 0
24 2
17 2
22 0

efile
30
18 4
2 23
20 14
0 11
16 6
0 26
9 5
28 30
10 7
12 23
8 25
9 11
5 6
3 12
25 19
27 4
18 3
26 30
17 22
27 21
16 1
13 7
29 15
1 21
24 17
19 15
10 14
8 28
29 13
24 2

jin random 82
vfile
86
17 0
55 0
57 1
64 2
49 2
80 1
37 1
29 1
53 1
39 0
5 1
63 2
19 2
83 2
30 1
65 2
56 1
45 1
43 1
85 0
58 0
44 0
73 1
77 1
18 1
24 1
75 2
74 0
7 2
78 2
8 2
14 0
67 2
54 1
23 2
38 1
10 2
52 2
71 2
62 0
41 2
28 1
0 1
2 1
42 0
22 1
26 2
84 1
70 1
50 0
1 2
15 0
79 1
16 1
82 0
20 0
3 1
25 0
76 1
36 2
81 1
33 1
61 1
32 0
11 0
35 2
6 1
13 0
27 0
60 1
47 2
9 0
40 2
69 0
31 1
72 1
48 1
68 1
59 2
51 2
46 2
66 2
12 0
4 0
34 2
21 2

efile
85
5 39
25 76
81 33
64 57
83 30
0 2
9 47
24 18
80 37
33 61
64 49
56 65
35 6
58 85
35 11
40 69
60 47
53 29
19 63
43 45
41 28
34 21
1 15
41 62
81 36
24 75
84 70
27 60
32 61
74 75
48 68
54 23
26 22
12 4
83 19
34 4
40 9
66 12
42 22
2 42
76 36
13 6
57 55
52 71
58 44
29 37
78 7
8 78
51 46
16 82
53 39
72 31
1 50
67 54
0 28
80 49
66 46
10 38
26 84
25 3
51 59
62 71
16 79
18 77
8 14
38 23
5 63
72 48
73 77
79 15
56 45
27 13
17 55
10 52
59 68
65 30
32 11
3 20
43 85
69 31
74 7
50 70
67 14
82 20
73 44

jin random 83
vfile
39
12 2
4 2
24 0
37 1
34 2
23 0
17 0
20 2
5 1
7 1
14 2
6 2
11 2
19 1
38 1
30 0
28 1
8 0
16 2
36 2
26 1
25 0
31 0
2 0
22 1
9 0
15 1
0 1
33 0
32 1
13 0
10 1
35 2
21 0
1 1
27 1
3 2
29 0
18 0

efile
38
19 11
10 13
2 31
14 7
32 33
24 4
3 29
11 6
1 27
9 22
28 30
24 37
10 35
0 33
9 15
34 23
26 36
14 6
3 27
34 37
19 38
32 13
8 16
5 7
25 26
38 30
1 21
35 21
2 22
12 4
18 29
8 28
17 23
0 15
25 31
17 20
16 36
20 5

jin random 84
vfile
15
1 0
2 0
9 2
14 0
4 1
5 0
0 2
12 0
13 0
7 2
3 2
11 2
8 0
10 0
6 1

efile
14
8 11
13 7
1 2
3 7
4 5
10 6
0 12
0 5
8 10
4 14
9 14
12 13
11 3
9 2

jin random 85
vfile
42
6 0
2 0
5 2
38 1
8 2
9 0
35 1
32 1
37 2
36 2
26 0
41 2
19 0
18 1
1 1
33 0
28 0
29 1
13 1
3 0
21 1
4 2
27 1
10 1
24 0
0 0
30 1
22 1
40 0
23 1
25 1
14 2
7 2
34 1
12 2
11 2
31 2
20 1
16 2
39 0
15 2
17 2

efile
41
3 21
30 22
11 12
2 6
40 22
1 33
14 7
33 28
16 20
9 35
41 26
32 35
25 23
11 31
3 13
15 39
18 19
24 10
32 37
17 15
27 4
0 30
16 39
26 36
36 37
4 21
1 18
34 12
24 0
28 29
8 9
2 5
10 27
40 23
5 38
25 14
41 19
34 7
13 29
20 31
8 38

jin random 86
vfile
13
12 2
10 0
5 1
8 1
11 0
4 2
3 2
2 2
9 1
7 2
0 2
6 1
1 2

efile
12
3 4
8 11
2 3
0 6
9 7
1 6
10 12
11 4
10 5
0 7
8 5
9 2

jin random 87
vfile
18
1 1
8 2
15 0
9 2
11 1
17 0
0 1
16 0
4 0
13 1
2 2
14 1
3 2
12 1
7 1
5 0
6 1
10 1

efile
17
12 7
2 13
4 13
10 6
0 16
16 4
17 11
3 14
8 1
9 11
0 17
2 14
3 12
5 6
8 15
9 15
5 7

jin random 88
vfile
95
80 2
35 0
91 0
94 1
82 0
40 2
50 1
24 2
44 2
69 1
13 1
79 1
57 2
75 2
73 0
47 2
6 0
34 1
30 0
8 1
46 1
12 2
17 2
77 0
39 0
2 0
48 2
43 1
16 0
64 1
81 0
18 1
33 1
88 0
0 1
42 0
14 0
3 2
90 0
55 1
45 0
29 1
1 1
52 1
31 2
11 1
54 1
51 2
78 2
36 0
83 2
92 0
49 2
60 2
20 2
65 1
19 2
38 1
63 2
85 1
15 0
41 1
59 1
37 0
84 2
93 0
28 2
76 0
66 0
58 1
25 1
23 1
9 0
10 2
7 2
87 2
70 0
67 1
22 2
4 2
56 0
74 0
86 0
53 0
21 2
5 1
62 0
61 1
32 1
68 2
71 1
89 0
72 1
26 0
27 2

efile
94
12 46
40 50
85 15
5 62
61 62
59 37
83 92
73 47
65 19
67 70
49 60
3 14
57 79
26 27
9 23
24 50
72 89
13 69
89 71
24 44
5 21
8 46
72 26
66 76
51 78
40 82
16 64
48 43
83 36
29 45
77 39
6 47
11 31
38 63
88 0
88 33
82 94
2 39
56 4
13 79
90 3
32 61
32 68
67 22
48 2
74 86
25 58
21 53
66 58
91 35
90 55
42 14
52 31
84 37
33 18
56 74
70 87
41 59
28 76
36 78
53 86
25 23
41 15
8 30
45 55
0 42
87 7
34 30
19 38
44 69
64 81
9 10
1 29
4 22
28 93
17 77
91 94
17 12
1 52
11 54
84 93
10 7
57 75
65 20
81 18
73 75
34 6
85 63
51 54
60 20
80 35
68 71
16 43
49 92

jin random 89
vfile
11
5 0
2 1
8 1
10 1
3 2
7 0
6 2
1 1
0 2
9 2
4 0

efile
10
8 2
3 7
6 7
0 1
2 5
10 3
8 10
9 4
1 6
0 9

jin random 90
vfile
74
20 0
63 2
28 2
46 1
45 2
49 0
23 0
27 1
47 2
50 1
2 0
60 0
55 0
72 1
5 1
7 2
34 2
44 2
37 0
25 0
11 0
61 1
42 0
43 0
39 2
48 2
70 2
67 2
66 0
17 2
6 2
35 0
9 0
26 1
68 2
33 1
14 1
73 1
65 2
40 0
24 0
58 2
21 2
22 1
0 2
13 0
69 2
8 0
57 0
29 0
36 0
30 0
38 2
15 0
62 0
10 1
64 2
41 1
59 1
54 2
56 2
52 2
31 2
71 0
1 0
18 2
19 0
12 2
53 1
3 0
4 1
51 2
32 0
16 0

efile
73
20 63
72 5
1 71
32 51
11 61
0 22
58 21
44 37
41 59
27 23
73 14
60 55
42 43
57 29
25 11
9 35
49 23
17 6
49 45
0 13
3 4
9 26
34 44
10 62
18 19
50 47
42 61
45 46
33 68
36 29
2 60
67 70
40 65
24 58
28 46
28 63
25 37
48 39
1 18
26 68
36 30
21 22
38 15
56 54
66 67
35 6
17 66
27 47
12 53
8 69
72 55
5 7
33 14
40 24
51 4
38 30
69 13
43 39
71 31
32 16
52 31
19 12
34 7
8 57
59 54
65 73
64 10
3 53
62 15
50 2
56 52
48 70
64 41

jin random 91
vfile
60
48 1
41 0
0 1
15 0
35 2
12 1
2 1
55 2
53 2
59 0
28 1
56 1
57 0
7 2
19 2
43 1
46 1
8 1
44 0
34 1
1 2
21 1
33 0
36 1
30 1
45 2
40 0
47 2
4 2
58 2
37 2
51 1
31 0
38 1
24 0
16 0
5 2
3 0
49 2
29 1
6 0
26 2
20 0
25 2
22 0
9 1
14 2
11 0
54 1
50 1
18 0
13 2
27 1
10 1
42 1
17 2
52 1
23 0
32 0
39 2

efile
59
24 38
25 22
35 15
17 52
50 54
58 4
38 31
43 46
16 5
29 6
32 23
11 54
9 22
26 6
2 55
27 13
32 39
56 28
52 23
3 5
9 14
43 19
58 37
17 42
51 31
11 14
19 7
24 16
25 20
1 34
49 29
49 3
48 41
57 7
50 18
56 57
36 30
53 55
33 36
18 13
59 28
8 44
1 21
51 37
40 45
0 41
10 27
35 12
26 20
2 12
8 46
0 15
10 42
33 21
59 53
34 44
4 47
45 30
40 47

jin random 92
vfile
67
28 2
57 1
41 1
44 1
47 0
64 2
15 1
24 2
3 1
56 1
34 2
1 2
53 1
10 1
5 1
14 1
65 0
30 1
50 1
59 1
51 1
37 2
16 2
31 1
33 1
29 2
39 1
2 0
32 1
26 1
6 1
27 1
62 0
61 2
66 0
49 2
54 2
48 0
63 0
45 1
17 1
8 0
38 2
23 0
36 0
20 1
52 1
42 1
4 2
21 2
25 2
60 1
35 1
9 2
55 2
58 0
19 1
43 2
46 1
0 1
7 1
40 1
18 1
22 1
12 2
11 1
13 2

efile
66
66 61
56 3
65 14
33 31
11 12
42 4
64 47
0 46
56 34
38 23
18 22
27 62
43 46
10 53
44 47
1 53
20 52
29 39
9 35
24 15
41 44
61 62
26 6
36 20
36 23
49 66
33 29
48 63
17 45
58 55
45 63
2 39
16 37
43 19
0 7
40 7
35 60
50 59
9 55
1 34
11 13
40 18
4 21
12 22
16 31
27 6
65 30
24 3
32 26
10 5
32 2
64 15
50 30
42 52
25 21
8 17
5 14
57 28
51 37
48 54
51 59
49 54
58 19
25 60
57 41
8 38

jin random 93
vfile
20
0 1
6 0
10 2
4 2
11 0
8 1
17 0
16 1
18 1
2 2
14 1
13 2
7 0
5 0
1 1
19 1
12 1
3 0
15 1
9 2

efile
19
10 4
0 6
16 17
3 12
11 4
1 19
9 15
13 14
2 14
1 5
16 18
5 7
8 11
8 17
13 7
18 2
3 15
10 6
19 12

jin random 94
vfile
47
30 2
19 0
41 0
44 0
33 2
20 0
37 2
25 2
10 0
18 0
46 0
0 2
14 0
43 0
40 0
1 0
24 1
2 0
32 1
5 2
22 1
16 0
38 0
12 2
13 1
42 1
6 2
35 1
26 1
36 2
8 2
4 2
28 2
7 1
27 1
23 2
34 0
29 0
3 1
45 0
21 2
11 1
39 1
17 1
9 1
15 1
31 2

efile
46
0 46
16 38
27 7
27 23
19 30
17 9
10 18
3 29
4 28
41 44
34 29
16 22
42 13
28 7
11 21
42 6
33 20
8 36
24 1
11 39
34 23
17 39
9 15
33 44
40 43
26 36
25 37
40 1
31 15
25 10
5 22
20 37
35 6
3 45
32 2
18 46
26 35
32 5
21 45
43 14
12 38
41 19
0 14
12 13
8 4
24 2

jin random 95
vfile
54
0 2
33 2
38 1
20 0
36 0
31 0
35 1
24 0
8 0
34 0
11 0
6 1
22 2
29 0
15 0
45 1
17 2
43 1
3 2
37 2
28 1
27 2
19 0
23 0
1 0
16 1
52 1
30 2
14 2
50 2
18 2
49 2
2 0
25 2
7 0
12 2
51 2
13 2
21 2
44 1
9 2
53 0
42 1
10 1
46 2
5 1
39 1
41 2
32 2
40 0
47 2
26 0
4 2
48 2

efile
53
5 39
16 52
17 43
19 27
19 23
35 31
28 37
10 46
34 11
5 46
9 44
24 35
44 21
11 6
49 18
21 13
20 36
3 37
1 23
25 7
9 53
17 45
3 43
27 28
0 33
32 40
45 15
41 39
8 34
50 18
24 8
26 47
51 13
48 4
33 38
16 1
52 30
20 38
50 14
49 2
51 12
12 7
6 22
29 15
25 2
32 41
29 22
30 14
42 10
42 53
36 31
26 4
40 47

jin random 96
vfile
23
16 0
20 0
17 0
15 1
7 1
2 2
5 0
18 1
3 2
22 1
13 0
21 1
10 1
6 1
19 2
0 0
14 1
4 0
11 2
1 2
9 0
12 0
8 2

efile
22
21 13
0 19
11 4
17 15
9 12
18 3
8 12
19 6
18 5
4 14
2 7
13 22
10 21
1 9
3 22
1 11
10 6
2 5
0 14
17 20
7 15
16 20

jin random 97
vfile
64
48 0
43 2
12 1
14 1
62 1
7 1
53 2
25 0
42 2
54 0
20 0
57 0
2 2
6 2
49 2
16 2
26 1
32 1
9 1
51 1
24 2
40 2
11 0
37 1
56 1
23 2
34 2
33 1
47 0
18 2
10 2
28 1
5 1
45 1
52 0
46 1
17 2
61 1
44 1
63 0
3 1
55 1
30 1
13 2
41 0
35 2
27 0
39 2
1 0
8 1
15 2
21 2
60 0
58 1
36 0
19 0
0 1
38 0
31 0
29 0
4 1
50 1
59 0
22 1

efile
63
59 22
16 49
48 43
10 28
2 6
27 35
13 30
38 31
30 55
44 63
41 35
24 51
29 31
25 53
50 4
58 60
43 12
18 10
16 26
44 61
17 61
4 29
3 55
57 20
3 63
0 38
9 51
0 19
27 39
41 13
8 1
19 36
57 2
1 39
34 23
8 15
60 21
17 46
50 59
33 47
32 26
62 7
33 34
24 40
56 23
18 47
52 46
49 6
12 14
53 7
21 15
25 42
42 54
32 9
62 14
56 37
20 54
45 5
52 45
58 36
40 11
11 37
28 5

jin random 98
vfile
37
4 2
12 0
30 1
2 2
19 0
25 2
23 1
6 2
24 0
10 2
13 2
36 1
21 2
14 1
11 2
9 2
8 1
3 2
0 2
18 2
29 1
35 2
26 1
31 1
15 2
5 1
17 1
27 1
1 0
22 1
33 0
32 0
20 0
16 0
28 0
34 0
7 2

efile
36
2 30
36 21
17 5
1 22
10 13
34 28
32 33
26 31
1 27
25 23
0 3
9 11
24 10
32 20
25 19
17 27
21 14
11 14
6 23
15 31
0 18
5 15
2 19
24 6
8 3
35 29
12 30
26 35
8 9
4 12
18 29
34 7
36 13
33 22
16 28
16 20

jin random 99
vfile
23
9 1
1 1
14 1
6 2
17 0
11 2
3 1
16 0
18 1
13 1
8 2
19 1
21 2
20 2
5 1
2 1
7 0
4 0
15 1
22 1
12 2
10 1
0 2

efile
22
8 19
17 6
1 14
22 15
3 11
4 7
0 10
19 21
14 6
12 22
17 11
10 12
8 13
20 21
16 18
2 7
18 13
9 1
4 15
2 5
16 3
20 5

jin random 100
vfile
87
4 0
60 0
33 0
72 1
82 0
29 2
8 2
55 2
41 2
39 1
52 1
83 0
75 1
16 2
58 2
68 0
30 1
63 2
42 0
2 2
71 1
5 2
9 1
86 2
17 0
67 1
0 1
14 1
18 1
70 1
1 0
48 1
78 2
12 1
50 2
69 2
26 2
21 0
45 1
36 2
10 2
11 0
77 0
7 0
53 2
40 2
24 1
20 2
25 2
6 1
62 2
46 2
32 0
19 2
13 2
76 2
34 2
44 1
81 1
3 2
64 2
35 0
80 2
61 1
49 0
57 0
38 2
66 0
22 2
37 0
27 1
73 1
65 1
56 0
15 0
54 1
84 1
85 0
23 0
31 0
43 2
51 1
74 0
28 1
59 2
79 2
47 2

efile
86
1 70
83 52
56 15
66 22
48 1
57 38
81 3
59 79
72 82
72 33
42 63
16 58
56 65
37 22
49 61
11 77
32 46
25 6
53 7
30 63
27 37
26 21
85 23
77 7
51 43
73 27
10 11
58 68
9 5
50 12
26 69
2 71
66 38
25 20
47 79
68 30
10 36
74 51
12 78
8 29
59 28
8 55
82 29
34 44
36 45
43 31
42 2
18 70
0 67
17 67
18 14
24 20
62 6
32 19
41 39
84 85
80 61
54 15
34 76
64 35
40 24
45 21
33 60
46 62
9 86
0 14
81 44
74 28
17 86
64 3
48 78
84 54
49 57
41 55
16 75
4 60
76 13
31 23
50 69
75 83
52 39
80 35
19 13
65 73
5 71
40 53

a 1
vfile
72
38 2
34 2
47 1
15 2
4 2
35 0
28 0
5 0
46 1
29 0
69 2
49 0
25 2
7 0
53 1
20 2
12 0
40 0
21 2
50 0
1 2
17 0
55 0
3 2
6 1
22 1
0 1
31 2
64 1
9 1
36 2
58 2
70 1
65 2
66 1
59 1
45 1
41 2
48 2
24 1
51 0
19 0
39 2
27 1
23 2
30 2
68 1
14 0
42 1
26 0
18 0
63 0
54 0
52 2
11 0
67 2
10 2
71 2
56 1
44 0
57 2
16 0
37 1
32 1
61 2
33 1
62 2
60 0
13 1
2 0
8 1
43 1

efile
71
8 2
9 36
48 24
10 71
57 44
20 53
60 62
64 9
0 22
40 12
50 21
24 51
5 46
27 23
64 31
49 69
67 11
19 39
35 28
2 13
49 25
25 7
54 63
42 26
3 55
40 21
27 39
60 13
58 70
32 37
16 37
33 62
17 55
59 45
30 23
52 54
69 29
68 30
48 41
1 50
32 61
34 47
35 4
3 6
56 71
33 61
1 17
65 66
10 67
41 45
56 44
15 47
18 63
20 12
34 38
19 51
26 18
6 22
42 14
66 59
4 15
53 7
0 31
8 43
11 52
68 14
16 57
58 36
65 70
29 46
28 5

a 2
vfile
57
25 0
15 0
29 0
45 1
23 2
17 1
35 0
46 0
54 2
50 2
32 2
43 0
18 2
37 2
22 1
19 1
36 0
33 1
53 1
7 1
12 1
11 0
3 1
52 1
16 1
10 2
42 0
34 2
26 1
28 0
49 1
38 1
56 2
31 1
48 0
0 1
6 2
13 1
14 1
4 0
40 2
2 1
41 1
47 0
39 0
9 2
8 2
5 1
55 2
51 0
44 2
30 2
20 1
24 1
1 2
27 1
21 1

efile
56
16 52
25 15
33 53
11 12
45 23
45 29
13 6
40 4
5 55
41 47
1 27
0 6
42 34
20 30
54 46
41 2
24 20
40 2
49 28
19 36
24 1
8 5
3 11
32 50
56 38
49 38
18 37
32 43
51 44
13 14
34 26
44 30
9 39
18 43
51 55
4 14
27 21
37 22
16 10
33 36
48 0
56 31
3 52
48 31
12 7
29 15
17 35
8 9
53 7
10 42
19 22
17 23
26 28
35 46
39 47
50 54

a 3
vfile
74
13 0
35 2
69 1
57 2
15 0
21 1
33 0
48 2
70 0
28 2
46 2
18 2
9 2
8 1
67 2
37 0
12 2
64 0
4 2
32 0
59 0
71 1
40 2
30 1
63 1
11 2
5 1
27 1
60 0
62 2
55 0
20 2
68 1
47 1
16 1
45 1
38 1
44 1
53 2
1 1
7 0
52 1
73 1
6 2
19 1
61 0
14 1
26 2
34 0
42 2
22 0
58 2
56 2
36 1
25 1
50 2
31 1
2 0
51 1
10 2
17 1
23 0
41 1
49 2
24 2
65 0
72 2
66 0
43 1
29 0
39 2
3 0
54 1
0 0

efile
73
61 14
57 15
42 22
17 10
41 49
56 36
60 62
50 31
62 55
3 54
24 49
2 31
67 37
1 53
0 54
29 39
16 47
11 5
1 7
34 42
35 69
58 22
32 59
73 52
43 29
44 38
52 7
72 66
12 37
73 6
27 60
28 46
28 70
45 38
44 53
26 34
25 36
66 43
68 47
19 6
16 45
2 51
35 13
64 4
18 46
40 71
11 63
56 58
40 30
57 69
9 18
27 5
20 55
8 67
59 71
8 9
41 23
72 65
3 39
21 15
20 68
19 61
17 23
30 63
25 50
33 21
26 14
32 4
24 65
10 51
64 12
48 70
48 33

a 4
vfile
38
10 2
21 1
7 0
26 2
30 1
18 2
23 2
15 1
12 0
29 2
17 1
16 0
9 1
1 0
6 0
5 0
32 2
11 0
34 0
3 0
33 1
36 2
25 0
13 0
28 1
20 1
14 2
0 0
31 1
27 1
4 2
35 0
8 0
24 0
37 0
22 2
2 2
19 1

efile
37
25 13
28 20
34 11
20 14
8 35
16 17
18 23
34 3
24 37
15 23
12 29
5 6
1 6
27 4
16 9
28 13
26 30
27 31
25 36
35 4
8 24
2 19
26 7
37 22
33 36
32 11
21 7
33 3
32 5
10 21
9 1
12 15
2 22
0 31
17 29
0 14
18 30

a 5
vfile
77
9 0
54 2
13 2
30 1
59 0
55 0
65 2
71 2
61 2
20 0
39 1
4 2
6 1
62 0
1 2
21 1
26 0
16 2
73 1
58 2
57 0
67 1
11 0
34 0
46 1
0 1
68 1
49 1
10 2
8 2
15 2
23 1
44 2
43 1
31 0
36 0
22 1
72 0
32 0
64 1
35 2
42 1
60 2
24 2
70 0
19 1
75 2
27 2
28 0
51 0
74 2
63 0
50 2
38 2
37 0
69 1
41 1
76 1
12 0
52 2
14 2
66 2
17 0
48 0
56 1
25 2
2 0
29 2
7 1
40 0
5 2
18 1
3 0
53 2
47 0
33 1
45 2

efile
76
41 76
32 64
4 6
36 22
57 67
34 46
0 46
43 44
74 63
13 30
72 32
2 29
40 5
24 60
13 54
33 45
59 55
34 11
20 39
42 60
50 38
0 68
11 67
16 26
48 17
52 14
56 25
49 10
62 6
51 28
23 15
43 31
9 54
8 10
48 56
27 28
72 22
66 14
42 35
8 15
50 63
69 37
40 7
18 3
29 7
76 12
12 52
16 73
65 71
73 58
74 51
41 69
49 68
33 47
18 5
4 39
17 66
64 35
1 62
75 19
37 38
20 61
25 2
1 21
53 47
59 30
19 70
44 23
24 70
27 75
36 31
3 53
65 55
26 21
57 58
61 71

a 6
vfile
17
10 2
6 0
4 2
0 0
11 1
1 2
9 1
12 0
16 0
5 0
13 0
3 2
2 0
14 2
7 1
15 1
8 2

efile
16
4 6
1 9
2 3
1 11
8 15
10 6
0 4
16 12
3 13
16 5
2 14
14 7
0 11
13 5
9 12
15 7

a 7
vfile
34
6 2
19 1
29 1
7 0
16 2
27 0
25 0
11 1
10 2
24 2
31 2
12 1
15 1
9 2
0 0
33 2
4 2
8 2
2 0
21 2
17 1
22 2
28 0
30 0
5 2
23 1
32 0
1 0
26 1
3 1
13 0
20 0
18 0
14 0

efile
33
8 2
17 21
28 22
32 23
25 11
10 11
16 7
18 14
28 30
5 23
12 31
3 13
24 10
0 33
5 30
9 15
18 20
26 3
29 7
2 21
19 6
19 29
17 22
24 31
32 1
0 9
16 27
1 26
12 15
20 13
25 27
33 4
8 4

a 8
vfile
40
19 2
1 2
34 0
24 1
15 0
10 1
21 0
5 0
0 2
17 0
38 1
18 1
27 1
20 2
28 2
16 0
12 1
29 1
25 2
3 0
4 2
32 2
35 1
33 1
6 0
37 0
23 2
13 1
7 2
11 1
22 2
30 0
39 1
36 2
31 2
9 0
14 2
2 0
26 0
8 1

efile
39
10 15
22 30
0 5
20 28
0 17
24 15
18 27
3 4
32 35
37 6
24 34
8 26
16 12
12 29
1 19
17 38
9 14
25 29
37 23
33 35
1 34
2 14
11 22
11 7
9 31
2 26
10 21
13 23
13 7
33 6
18 38
5 21
30 39
25 3
36 39
32 4
36 31
27 20
16 28

a 9
vfile
58
54 0
55 2
32 2
44 0
9 0
42 2
1 2
50 0
11 1
51 1
5 2
53 2
15 1
26 0
18 0
52 2
8 0
2 1
29 0
0 0
28 2
37 1
40 0
21 0
25 1
57 1
14 2
49 2
45 2
30 2
3 1
19 2
38 2
41 1
43 2
4 0
16 0
48 2
7 1
13 2
24 2
22 1
34 1
56 1
20 0
12 1
10 0
47 2
6 2
36 2
33 2
23 0
46 2
17 1
39 0
35 0
27 0
31 1

efile
57
8 2
35 39
9 42
2 29
27 35
56 34
54 55
18 52
28 37
32 44
41 38
16 4
48 7
9 44
40 37
43 4
49 45
24 22
41 43
6 47
8 52
0 29
50 11
40 21
56 20
33 23
25 57
1 42
53 15
17 39
51 5
34 22
17 46
51 11
16 48
1 50
27 31
32 55
19 38
3 30
10 12
19 3
26 15
0 28
33 36
53 5
20 12
26 18
10 47
25 21
46 23
57 14
13 7
36 6
24 13
49 14
45 30

a 10
vfile
16
3 0
14 0
4 0
1 0
10 2
13 2
7 0
2 1
8 1
15 2
12 0
6 0
9 1
0 2
11 1
5 2

efile
15
8 2
1 4
9 6
11 5
13 7
12 15
2 7
10 13
3 14
0 11
12 6
4 14
8 15
1 10
0 9

a 11
vfile
4
1 1
2 2
3 1
0 0

efile
3
2 3
1 2
0 3

a 12
vfile
3
1 1
2 2
0 1

efile
2
0 2
1 2

a 13
vfile
56
23 2
42 1
1 2
19 0
17 1
22 0
0 2
2 1
40 0
44 0
29 0
52 2
10 0
46 0
55 1
14 2
15 2
47 0
37 2
7 2
4 1
35 2
45 0
39 1
48 1
24 2
6 1
53 2
38 0
54 2
33 1
18 0
5 0
43 2
20 1
16 2
28 1
3 1
49 1
12 0
41 0
11 2
50 2
21 0
27 1
13 1
9 0
34 0
30 1
25 2
36 2
51 0
32 2
31 0
26 0
8 1

efile
55
48 24
32 51
33 18
0 22
10 46
50 21
40 44
35 45
51 36
43 5
14 15
26 31
44 29
41 11
9 13
0 2
43 20
52 29
40 2
14 55
41 12
50 11
37 47
27 13
1 19
9 34
25 30
54 38
8 26
1 42
45 39
10 52
4 7
42 23
49 3
34 30
46 55
35 4
48 39
25 36
24 6
17 22
18 5
27 21
47 15
33 54
53 38
49 12
32 31
3 28
17 19
37 7
53 6
16 28
16 20

a 14
vfile
9
3 0
0 0
5 2
6 1
7 2
4 0
1 0
2 1
8 1

efile
8
8 2
1 4
1 2
0 3
6 7
0 5
5 6
4 7

a 15
vfile
52
12 1
41 1
18 1
42 1
30 0
26 0
22 0
27 0
43 2
8 2
6 2
1 1
48 0
40 0
51 1
46 2
29 0
35 1
21 2
44 1
24 1
38 2
45 1
34 0
9 2
10 2
31 0
50 1
13 0
25 2
47 2
37 2
32 0
5 1
2 1
16 2
3 0
15 2
14 2
4 2
17 2
49 0
23 0
11 1
0 0
7 1
39 0
33 0
28 0
20 0
36 2
19 0

efile
51
34 45
24 38
50 31
25 13
28 20
0 11
33 28
44 21
40 51
14 15
49 23
48 1
50 13
20 36
16 2
9 34
41 12
37 47
27 22
19 36
17 4
51 46
1 6
32 37
0 7
18 42
26 30
45 38
35 29
8 6
4 14
41 18
11 23
17 49
26 22
32 5
25 47
3 15
9 10
35 21
43 27
42 30
24 44
2 5
8 43
10 31
48 40
39 7
33 39
16 3
29 46

a 16
vfile
46
31 2
38 1
26 2
16 1
36 2
43 1
9 2
45 1
42 2
32 1
35 0
0 1
6 1
37 0
23 1
41 0
2 2
33 0
30 1
17 0
24 1
44 0
3 0
13 2
14 0
28 1
19 2
27 0
29 0
5 0
11 2
12 1
40 0
18 1
8 0
15 2
39 1
1 0
7 0
20 0
10 0
34 0
4 0
25 0
22 0
21 1

efile
45
25 4
27 19
11 12
25 22
9 43
38 31
40 12
16 26
19 28
11 5
32 35
0 6
1 7
41 2
37 6
0 35
3 13
32 42
28 14
20 7
8 18
5 29
39 15
8 15
37 23
1 39
42 45
33 30
10 20
10 34
40 18
13 14
21 22
43 36
9 45
24 17
41 23
24 44
3 44
33 2
16 36
34 4
26 38
17 30
27 29

a 17
vfile
54
21 0
12 0
35 2
43 1
39 1
2 1
16 1
18 0
0 1
8 1
48 1
1 0
4 0
30 0
37 0
28 2
5 2
50 0
25 1
51 1
27 1
32 1
44 2
9 1
15 1
17 0
19 1
3 2
24 2
42 0
26 0
23 2
47 2
11 2
40 0
31 0
14 1
49 2
20 1
52 1
29 1
34 0
22 1
45 0
13 2
41 2
6 2
10 0
53 0
33 1
36 2
7 2
38 1
46 0

efile
53
1 4
33 53
12 21
40 11
28 37
32 44
32 27
10 53
11 47
41 6
9 44
20 52
48 1
26 23
47 23
13 45
8 48
49 14
34 29
45 22
46 38
16 2
42 26
36 7
52 29
41 13
17 15
2 39
43 35
9 15
34 22
50 5
27 51
14 31
0 18
49 20
24 3
24 42
3 19
16 18
38 7
33 36
0 8
37 30
4 30
43 39
17 19
10 6
35 12
40 31
25 51
25 50
28 5

a 18
vfile
24
22 2
21 2
3 2
10 2
7 2
1 2
11 2
18 1
13 0
15 1
6 0
14 2
17 1
12 2
0 0
8 2
19 2
16 2
4 0
2 2
20 1
5 1
23 1
9 2

efile
23
6 15
3 21
17 12
0 12
16 4
8 19
1 7
10 7
5 23
2 4
17 14
2 20
13 15
6 14
21 22
18 13
9 23
0 8
1 11
18 11
10 3
16 19
20 5

a 19
vfile
88
82 0
76 0
29 2
19 0
73 1
21 0
40 0
33 1
72 0
15 1
54 1
49 2
31 2
81 1
7 1
37 2
6 2
2 0
83 0
11 1
67 0
24 2
59 0
43 0
13 1
9 2
77 2
23 0
68 2
0 2
62 0
38 0
36 1
5 0
32 0
3 1
70 0
41 2
25 2
20 0
84 2
14 2
48 2
75 2
56 2
66 0
65 1
79 0
87 0
10 1
78 0
61 1
39 2
69 1
64 2
30 0
71 2
45 0
12 0
27 2
22 0
16 0
17 1
46 0
55 2
86 0
35 2
63 1
44 2
4 0
51 1
18 0
28 2
60 1
34 0
74 2
52 2
80 1
57 0
47 0
53 2
26 1
58 2
50 1
42 0
1 2
85 2
8 0

efile
87
18 28
82 76
58 50
69 39
0 68
26 58
16 17
9 13
35 86
72 33
41 70
65 79
81 7
84 14
20 84
19 29
24 59
32 5
61 39
53 47
38 62
86 55
8 85
44 63
67 11
37 6
16 22
48 14
44 4
11 83
10 87
1 42
25 20
9 77
80 52
32 3
56 66
65 66
87 79
36 5
61 78
64 30
36 38
2 83
49 54
56 75
35 63
81 31
80 57
2 6
73 19
49 31
40 21
72 15
34 74
27 22
17 46
50 42
54 15
40 33
51 4
24 67
73 21
12 45
43 13
3 70
64 69
77 23
1 85
30 71
57 47
43 59
0 62
10 78
28 60
68 23
45 71
46 55
74 52
41 25
76 29
27 12
26 53
34 60
37 7
48 75
18 51

a 20
vfile
73
71 0
41 0
21 2
57 2
65 2
55 1
58 1
33 1
17 0
70 1
25 2
61 1
37 2
53 1
16 1
45 1
42 0
14 0
19 2
72 0
0 2
60 0
59 0
62 0
50 1
23 1
1 1
54 2
32 1
63 2
34 0
29 2
51 0
24 1
38 0
28 1
8 0
2 1
46 1
44 0
64 2
68 2
48 2
35 2
47 2
56 1
49 2
39 1
6 0
12 0
11 2
40 2
9 1
52 0
31 2
27 0
26 2
36 1
3 1
20 2
69 1
43 0
66 2
18 0
4 1
13 0
5 2
30 2
10 2
67 2
22 1
15 2
7 2

efile
72
24 38
8 2
18 4
34 63
11 12
19 14
40 11
17 70
59 62
32 54
41 21
44 46
24 51
56 47
59 60
49 39
7 15
5 13
50 62
20 69
1 54
16 53
48 35
57 21
72 19
34 29
2 46
66 18
1 23
4 13
64 44
56 49
10 30
22 15
12 6
58 55
50 23
28 38
5 30
0 60
37 61
42 45
26 36
27 31
65 57
6 39
53 37
66 43
10 67
16 45
67 22
25 61
48 68
25 70
51 29
26 27
35 47
41 71
3 20
42 14
33 58
32 63
52 31
3 36
8 28
64 68
33 17
72 0
9 52
65 55
43 69
40 9

a 21
vfile
66
13 2
18 1
64 0
22 0
34 2
28 1
32 0
40 2
49 1
48 1
52 2
41 0
46 2
11 0
61 1
10 1
31 1
50 2
53 1
54 1
6 1
9 1
60 0
2 0
57 1
1 2
0 2
63 0
4 0
45 1
5 0
23 1
20 0
38 0
59 1
36 0
12 2
14 2
65 1
37 2
35 2
44 1
51 0
8 2
25 1
58 2
62 1
24 2
27 0
55 2
16 1
43 2
15 0
3 0
21 0
56 1
7 2
42 2
26 1
33 1
39 2
29 1
19 1
17 2
30 1
47 0

efile
65
50 53
41 52
65 14
3 21
50 31
24 27
0 63
58 62
11 61
65 37
9 60
34 28
56 7
48 49
41 46
43 15
29 39
59 38
9 6
42 26
5 23
8 51
27 55
8 25
16 55
56 21
32 40
57 2
57 1
40 49
2 60
34 22
4 63
4 45
51 44
24 62
42 7
0 1
30 47
16 43
59 36
33 26
19 29
36 12
10 61
25 58
11 46
18 13
20 38
64 22
53 54
35 37
12 14
35 44
3 15
17 19
54 6
5 45
10 31
64 18
32 28
33 39
48 52
17 30
20 23

a 22
vfile
51
26 0
33 2
24 2
5 0
6 1
45 0
14 0
34 0
19 2
27 0
31 0
17 2
15 2
10 0
4 0
39 2
50 1
3 0
16 0
41 1
29 2
9 0
13 2
11 1
1 1
28 0
8 2
36 0
43 1
21 2
2 1
44 0
32 0
22 0
30 2
23 0
7 2
12 1
35 0
20 0
49 2
46 0
40 0
25 0
38 2
37 0
48 1
0 0
42 2
18 1
47 1

efile
50
10 4
10 15
27 19
9 29
1 28
22 30
40 46
32 44
32 22
7 23
24 33
17 31
9 13
5 6
8 36
2 44
17 15
43 21
24 5
42 18
35 20
45 14
30 23
11 13
0 42
40 25
27 31
49 20
16 41
2 21
33 26
43 36
4 39
34 14
48 0
50 3
50 39
45 6
34 19
18 47
12 7
49 46
25 38
1 11
35 12
8 28
48 37
41 29
37 38
16 3

a 23
vfile
82
66 1
2 0
37 2
43 2
16 2
71 1
79 0
15 0
70 2
31 1
38 0
49 1
3 2
76 1
27 1
48 1
10 1
39 0
1 0
9 1
62 2
25 1
75 0
23 2
60 0
6 0
7 2
41 0
13 0
42 2
5 2
56 2
14 1
59 0
46 0
8 2
80 0
20 0
61 1
19 2
52 2
78 1
30 0
26 2
35 0
28 0
69 1
18 0
68 2
0 1
11 1
57 1
54 0
44 0
32 0
12 1
64 1
73 0
36 0
17 1
55 1
45 2
72 1
22 0
34 1
4 0
65 1
50 0
74 1
81 0
58 0
33 1
24 2
29 0
21 0
47 2
51 0
40 0
63 1
77 1
53 0
67 1

efile
81
40 63
10 39
9 62
56 5
0 68
66 2
3 76
27 76
59 46
70 31
53 77
1 39
75 23
49 38
81 74
25 75
6 7
48 27
44 54
1 9
33 58
19 61
8 46
80 20
28 69
64 73
57 11
72 45
32 44
35 28
73 36
19 52
42 13
72 22
32 12
49 3
67 53
51 47
60 6
34 4
60 23
57 54
64 12
38 31
52 78
43 37
79 71
65 4
24 33
18 69
41 13
45 55
34 22
26 30
18 68
24 29
26 35
59 14
77 63
78 30
21 29
0 11
41 7
40 51
15 79
65 50
25 62
56 14
42 5
50 74
8 80
17 55
16 71
70 15
20 61
48 10
81 58
21 47
2 37
16 43
17 36

a 24
vfile
44
4 1
26 0
1 0
31 0
42 0
24 0
10 2
36 1
41 0
35 1
32 0
19 2
22 2
28 2
40 0
34 2
17 1
3 0
8 0
11 0
16 1
39 1
14 0
23 1
15 1
13 0
37 2
30 2
5 0
2 2
20 0
0 0
33 2
29 1
43 0
9 2
38 0
21 0
12 0
7 1
6 0
25 1
27 1
18 0

efile
43
37 13
9 43
12 21
41 35
14 23
42 31
28 22
40 34
18 27
17 3
32 35
16 11
33 29
15 23
21 38
43 29
24 10
0 33
5 30
0 20
2 20
32 19
16 39
13 15
6 7
10 36
14 39
8 3
24 42
40 28
1 26
12 7
37 30
8 11
25 6
2 5
25 27
19 22
1 31
41 36
17 34
26 4
9 38

a 25
vfile
87
47 0
29 0
82 0
55 0
18 0
25 2
75 0
58 2
69 2
16 2
37 1
52 1
65 1
9 2
21 1
77 1
70 1
28 0
8 0
15 2
1 1
80 1
50 2
24 0
66 2
67 2
86 2
26 0
74 0
54 1
36 1
79 2
7 1
10 2
4 0
33 0
35 0
6 2
64 2
30 2
32 1
46 0
51 2
0 0
53 2
41 2
73 0
71 1
39 2
68 1
3 2
38 1
22 0
2 1
78 2
76 1
31 0
57 0
49 0
20 2
59 0
34 2
83 2
81 1
27 0
5 2
14 0
72 2
85 2
11 2
43 1
56 0
12 0
42 2
62 2
84 2
48 2
13 1
19 1
17 1
63 2
61 1
60 2
23 1
40 0
45 0
44 2

efile
86
43 11
32 30
42 12
9 21
72 85
16 37
76 78
25 75
56 43
80 1
26 86
35 6
67 86
24 50
32 46
17 19
65 9
8 28
33 4
57 31
56 12
10 4
1 15
64 6
25 18
34 59
39 71
8 15
29 47
17 63
65 52
59 20
26 74
11 85
64 30
44 45
76 31
40 45
38 22
40 23
82 29
0 51
60 23
0 53
3 38
74 54
36 79
77 70
41 53
7 79
82 55
51 46
80 50
33 35
73 41
58 69
16 69
18 55
24 66
42 62
61 63
72 14
81 83
84 62
10 7
3 68
48 13
57 49
58 75
81 27
77 21
28 70
49 20
36 54
66 67
52 37
34 83
73 71
48 84
27 5
2 78
5 14
2 22
68 39
19 13
60 61

a 26
vfile
80
39 1
11 0
53 2
56 1
38 2
74 2
75 2
50 2
27 0
28 1
69 0
16 2
35 2
25 1
37 0
55 1
61 0
62 2
72 0
41 0
51 0
33 2
68 2
29 0
10 2
71 0
47 0
17 0
31 0
40 1
32 0
70 1
44 1
46 2
42 2
60 0
36 2
45 1
12 0
66 2
52 1
18 2
43 2
54 0
59 1
58 2
5 0
9 1
23 2
78 0
1 1
7 2
0 2
77 2
6 0
26 0
3 0
21 1
79 0
13 0
8 1
30 1
73 2
67 1
48 1
76 0
20 0
49 0
15 0
34 0
2 1
24 0
4 2
64 0
63 2
22 1
14 2
19 0
65 2
57 2

efile
79
3 21
10 71
19 14
58 59
17 47
61 62
26 6
78 23
56 53
48 76
65 19
50 27
48 67
34 15
9 23
40 31
59 54
77 6
66 52
34 2
28 69
24 2
18 52
58 5
42 60
50 75
9 5
73 30
1 7
42 46
64 63
41 51
13 79
26 3
74 75
60 36
8 13
73 67
61 55
36 45
74 38
66 12
32 70
33 51
37 55
44 46
17 31
68 29
25 35
27 28
8 30
22 14
40 32
10 29
56 38
44 70
72 41
22 63
16 69
18 43
64 4
12 45
0 77
21 79
43 54
47 71
16 35
76 20
24 4
0 7
33 68
11 39
25 37
49 20
65 57
1 78
72 62
11 53
49 15

a 27
vfile
77
71 0
25 1
8 0
65 0
45 1
32 1
75 0
0 1
76 0
23 0
41 0
64 1
48 0
66 1
16 2
7 1
73 0
34 2
44 1
17 2
2 0
68 0
4 2
43 1
63 1
39 0
62 1
14 2
30 1
55 0
10 0
28 1
50 1
1 2
9 2
61 0
74 1
38 1
35 1
12 1
42 1
20 0
33 1
47 2
72 2
57 0
31 1
69 1
27 1
6 0
5 2
40 1
54 2
59 2
49 0
29 1
53 1
21 2
37 1
56 0
52 0
26 0
13 0
15 0
51 1
19 0
70 0
67 1
46 2
22 1
58 0
18 0
60 1
36 1
3 0
11 1
24 1

efile
76
24 11
25 71
10 28
26 13
62 39
10 55
40 5
30 55
67 46
43 63
27 69
73 7
0 75
16 7
17 44
42 12
32 45
43 4
73 34
9 61
37 21
58 22
8 25
48 66
17 2
33 20
5 6
76 23
32 75
26 52
11 3
56 52
67 70
51 15
49 29
13 15
64 48
49 59
46 22
39 63
1 50
42 20
35 38
27 6
8 65
0 76
33 47
58 18
60 36
65 45
50 28
74 61
21 53
16 66
19 51
1 9
72 57
41 23
69 31
3 36
14 30
35 12
59 54
57 31
62 14
56 37
19 70
72 47
53 29
34 44
2 68
40 54
18 60
74 38
68 4
64 41

a 28
vfile
6
4 0
1 0
3 2
2 0
5 0
0 0

efile
5
1 4
2 3
2 5
0 5
1 3

a 29
vfile
11
2 0
0 2
4 2
1 0
6 2
10 1
9 1
7 0
3 0
5 2
8 2

efile
10
1 4
9 10
3 7
10 6
0 2
0 4
9 7
3 5
1 6
8 5

a 30
vfile
45
16 1
25 1
20 0
5 1
2 1
38 0
0 2
40 0
39 0
23 1
24 1
30 0
13 1
4 2
26 2
36 0
8 2
29 1
34 1
42 0
10 1
6 0
32 0
22 0
37 0
43 2
21 2
14 0
19 2
41 2
1 1
27 0
12 1
28 0
44 1
33 2
18 1
15 0
17 1
11 2
31 2
9 2
7 0
35 2
3 1

efile
44
12 28
18 15
19 14
13 30
33 18
9 7
43 37
32 22
24 30
1 27
34 29
11 31
34 42
4 13
32 6
0 38
8 36
17 15
21 14
43 21
24 23
33 44
35 7
25 20
26 36
2 38
0 40
17 11
28 44
8 29
3 35
41 1
37 22
40 39
16 25
9 31
27 12
10 6
2 5
42 10
41 19
23 39
20 5
26 4

a 31
vfile
87
35 0
51 2
15 2
58 1
11 2
85 0
23 2
46 1
36 1
61 0
25 1
31 2
79 2
59 1
34 1
49 0
24 1
13 1
17 2
40 0
19 1
14 2
50 0
20 1
43 0
4 1
53 1
10 0
55 0
41 2
18 2
32 1
1 1
78 2
27 0
47 2
26 2
6 0
63 0
76 2
7 0
30 0
71 0
81 1
82 0
37 2
80 2
69 2
84 2
2 1
28 0
70 2
86 1
52 2
12 1
62 2
21 2
67 1
29 0
73 1
22 0
9 1
54 2
16 1
65 2
48 1
75 0
56 0
77 0
66 0
57 1
45 0
83 2
33 2
44 2
74 2
8 2
5 0
60 1
68 1
72 2
64 0
0 0
42 1
38 1
3 0
39 2

efile
86
19 14
60 68
40 17
81 82
59 79
9 22
26 6
6 63
80 69
58 15
76 7
80 37
73 29
50 20
41 18
32 18
3 39
79 31
85 23
10 55
84 69
64 0
34 59
73 22
8 5
2 28
51 15
30 7
26 47
11 85
27 47
17 13
72 64
46 23
48 65
56 75
24 13
57 45
4 53
51 35
81 71
3 38
24 49
74 44
21 62
43 4
16 54
66 77
83 45
40 19
9 54
36 61
33 44
0 42
82 37
76 63
57 66
32 1
25 31
30 71
36 46
10 53
33 83
67 21
27 78
42 38
67 29
58 11
56 77
43 20
8 74
52 86
41 55
12 62
2 84
28 70
52 12
86 70
1 78
25 61
50 14
49 34
48 75
72 68
16 65
60 5

a 32
vfile
60
31 2
14 0
40 1
50 0
28 0
59 0
30 2
15 2
0 1
36 1
16 2
58 2
22 1
2 2
9 0
38 2
26 2
55 1
54 0
18 1
23 2
29 0
39 0
51 0
57 0
32 0
56 2
27 0
8 2
20 0
35 2
21 0
49 1
48 1
53 1
42 1
52 2
37 2
24 2
12 0
11 1
6 1
41 1
13 1
17 2
1 0
46 2
44 1
5 1
10 2
33 2
19 1
47 2
45 0
3 2
7 0
34 0
25 1
43 0
4 1

efile
59
26 55
11 12
30 15
44 5
8 27
54 55
8 20
57 51
44 46
32 56
48 49
41 6
40 50
56 27
18 54
29 39
9 2
11 6
43 4
48 53
18 23
51 39
33 19
58 22
24 37
41 13
24 12
35 20
33 10
14 31
0 36
29 23
32 57
3 7
25 34
16 58
17 1
25 43
52 37
10 5
3 45
50 28
17 13
49 21
1 46
42 52
45 47
59 28
35 21
59 30
2 22
34 7
0 15
40 14
42 53
16 36
19 47
26 38
9 38

a 33
vfile
17
2 1
9 0
4 2
10 2
3 1
0 1
6 1
14 2
15 2
13 0
8 1
5 0
16 2
7 2
11 2
12 0
1 1

efile
16
10 4
0 6
13 15
11 12
0 3
6 14
10 3
1 12
16 5
8 13
9 4
14 15
16 7
9 2
11 7
8 5

a 34
vfile
89
86 2
74 0
50 1
19 1
33 2
51 2
46 0
5 2
6 1
25 2
71 1
26 0
32 2
34 2
88 1
28 1
18 0
81 0
67 0
12 0
76 1
82 0
69 0
30 2
53 0
84 2
77 0
56 0
39 2
0 2
70 2
49 1
75 0
54 0
14 2
2 2
83 2
41 2
87 2
13 0
22 1
65 1
38 2
23 1
55 1
58 0
15 1
7 1
27 0
31 1
64 1
10 1
17 1
45 0
43 1
37 2
80 1
79 2
57 2
3 1
1 0
35 0
40 1
11 2
63 1
24 1
44 1
85 1
9 0
21 1
47 0
68 1
16 2
29 2
66 1
8 1
72 0
78 0
36 0
20 0
48 2
52 1
59 1
62 0
60 2
42 0
73 1
61 0
4 2

efile
88
8 72
18 28
82 76
26 71
59 62
27 7
5 46
9 21
33 19
36 20
58 15
56 39
80 37
41 83
68 47
32 34
32 26
57 79
13 22
73 42
88 28
55 23
24 44
25 6
9 85
43 45
53 30
13 87
7 15
81 67
66 29
25 71
60 62
42 60
65 22
16 68
82 69
17 45
40 35
1 35
58 55
84 77
44 85
27 31
2 14
74 86
59 52
2 83
54 14
4 61
0 39
40 11
75 54
48 52
49 70
33 51
43 37
48 20
64 31
36 78
88 34
51 46
65 38
50 19
84 53
8 66
24 63
16 29
17 10
67 12
0 70
72 78
38 23
41 87
57 3
69 30
56 77
81 18
5 6
74 50
1 3
12 76
73 61
80 79
11 63
49 75
64 10
21 47

a 35
vfile
81
66 1
68 2
16 2
30 0
19 2
46 1
56 0
53 1
78 1
63 1
45 1
32 1
31 1
62 2
49 2
11 2
18 1
17 2
7 2
43 0
60 2
37 2
10 0
51 2
52 0
39 2
40 0
13 1
38 2
26 1
54 1
50 0
5 1
1 1
22 1
14 1
0 1
34 1
71 2
2 0
8 1
76 1
80 0
75 1
67 2
55 1
23 2
57 1
12 1
27 1
20 2
42 2
48 1
77 2
64 2
35 2
4 0
79 0
58 1
73 0
41 2
44 1
9 2
36 2
69 0
33 0
72 0
47 2
65 1
70 2
15 1
74 0
24 1
25 0
29 0
3 2
61 0
21 1
6 1
28 0
59 1

efile
80
8 2
34 71
53 78
62 31
51 52
41 44
56 53
8 76
72 33
24 74
33 69
45 63
50 5
35 4
73 58
17 18
40 39
23 55
60 37
21 61
17 7
65 70
50 54
9 36
67 55
66 68
43 60
26 54
32 45
16 68
21 6
43 7
24 25
3 61
2 71
80 76
78 63
59 28
57 23
0 34
1 22
48 77
65 47
19 30
22 14
74 15
36 69
10 37
42 20
73 41
48 42
49 62
1 5
64 35
4 79
18 11
28 6
49 11
58 79
16 30
0 14
27 20
26 38
40 13
67 75
9 44
3 29
57 12
25 29
80 75
13 38
64 77
52 39
56 46
32 31
70 15
27 12
19 46
72 47
10 51

a 36
vfile
90
9 1
67 0
29 0
47 1
17 0
68 2
3 1
74 1
23 0
48 1
57 1
84 0
22 1
24 0
36 0
25 2
89 1
78 0
70 1
33 2
55 2
56 0
6 2
13 0
45 2
85 1
27 1
64 0
37 2
38 1
75 2
63 1
11 2
18 2
7 0
1 0
2 2
60 0
79 1
8 2
54 1
5 1
88 1
65 0
69 1
80 0
66 2
86 2
58 2
41 2
53 2
26 1
32 2
14 1
62 1
71 2
59 2
51 1
46 0
82 2
20 1
10 2
34 0
39 2
4 0
19 1
77 0
83 1
42 1
16 2
31 1
50 1
44 1
30 1
35 2
12 2
21 2
61 2
28 2
76 2
40 1
15 1
0 2
52 0
72 0
43 2
73 1
81 0
49 1
87 1

efile
89
12 21
40 15
17 68
17 47
45 13
5 54
24 22
81 49
80 69
57 84
35 30
10 20
32 26
73 43
42 83
48 57
64 37
61 21
34 39
50 44
70 78
19 77
9 67
1 7
88 5
29 47
49 87
56 55
64 27
10 34
0 52
89 78
60 79
8 54
58 86
59 71
35 12
62 14
37 38
50 31
13 6
72 52
28 76
66 86
48 23
41 53
83 77
81 73
32 14
8 79
51 46
2 60
85 45
25 36
41 58
16 31
82 46
84 22
65 69
72 43
1 2
19 4
18 11
51 59
0 15
62 71
75 38
75 63
16 42
33 55
80 66
67 29
18 7
3 68
74 3
24 36
27 85
88 65
74 23
44 30
89 25
4 39
40 76
11 63
56 6
33 70
26 53
82 20
28 61

a 37
vfile
4
0 0
2 0
1 2
3 2

efile
3
0 2
1 3
1 2

a 38
vfile
17
10 0
5 2
16 0
15 2
7 0
8 1
13 1
1 0
0 2
9 2
14 2
12 0
6 1
4 0
3 2
11 1
2 0

efile
16
3 4
4 6
12 14
9 14
2 11
0 1
8 7
16 15
16 5
10 5
12 6
8 13
11 3
1 13
7 15
0 9

a 39
vfile
89
31 2
83 2
41 2
32 0
13 1
69 2
23 2
12 0
17 0
16 0
25 1
58 0
64 1
36 0
47 1
46 0
86 2
43 1
27 0
87 1
80 0
18 1
78 2
20 0
29 2
15 0
51 2
0 2
84 1
40 1
30 0
66 1
35 1
73 2
71 1
42 1
59 2
53 2
88 1
10 2
72 0
6 1
8 1
70 2
33 2
19 1
62 0
7 0
37 2
3 1
14 0
28 1
5 0
77 2
56 2
57 2
11 2
48 1
4 2
39 0
67 1
54 2
81 2
68 0
34 1
79 1
85 1
82 1
21 0
9 1
76 1
44 0
1 1
45 1
2 0
26 1
65 1
55 1
38 1
24 0
74 1
52 1
61 1
75 1
63 2
49 0
60 1
50 2
22 2

efile
88
82 85
9 21
40 84
16 17
33 19
24 74
48 11
19 62
81 68
41 83
49 60
3 14
40 30
69 13
29 15
67 39
64 36
9 76
64 58
57 11
66 30
65 26
85 79
83 31
12 23
88 10
75 61
51 15
36 47
18 78
42 59
32 13
25 58
16 25
2 26
34 79
27 43
50 22
0 51
72 6
50 60
0 84
46 47
28 14
34 68
72 10
67 54
48 4
80 18
8 6
82 21
20 29
42 71
59 53
8 70
77 5
27 87
81 54
1 44
24 38
17 12
75 63
76 44
73 35
86 46
66 35
38 55
3 37
56 77
1 45
80 87
20 78
43 86
52 61
2 45
56 57
69 23
74 52
62 7
4 39
73 71
32 41
49 63
33 70
37 7
88 53
65 55
28 5

a 40
vfile
78
12 1
72 1
33 2
66 0
14 2
22 2
48 1
57 0
58 2
53 2
52 0
69 0
56 1
60 0
19 0
13 0
68 0
25 1
15 0
29 1
71 1
28 2
63 0
67 0
46 1
77 1
39 0
65 2
64 1
50 0
76 1
54 2
61 2
44 1
7 0
3 1
27 0
73 2
26 1
47 1
62 0
43 2
2 2
6 0
0 2
37 0
11 1
21 2
40 1
35 1
32 2
75 0
45 1
8 1
18 2
30 2
17 1
1 2
49 1
38 1
42 1
4 0
16 1
20 1
70 0
51 1
36 0
5 2
59 0
23 2
74 2
9 1
34 1
55 0
24 1
10 0
31 1
41 2

efile
77
67 46
51 36
0 37
58 53
44 61
34 55
32 35
1 49
72 33
64 65
56 60
62 47
24 10
66 14
59 5
49 38
27 3
28 71
41 31
72 12
29 15
48 57
24 55
52 53
61 54
77 39
9 74
73 27
64 50
2 43
9 34
40 35
8 18
32 75
43 62
59 23
26 47
36 5
19 60
77 46
56 69
11 37
25 15
2 6
8 45
68 13
40 21
14 22
28 63
3 7
17 1
75 45
65 39
44 7
57 58
42 4
16 4
67 63
33 66
48 22
50 76
42 38
0 6
11 21
52 69
74 23
73 26
25 68
51 70
29 71
20 70
76 54
10 31
19 13
17 30
16 20
18 30

a 41
vfile
11
0 1
5 1
2 0
6 2
9 1
3 2
1 2
10 2
4 1
7 1
8 1

efile
10
10 4
9 6
9 3
2 6
2 5
0 5
8 7
1 10
1 3
4 7

a 42
vfile
13
3 1
2 2
8 0
10 2
12 2
1 0
4 2
9 2
11 1
0 2
5 2
6 0
7 0

efile
12
8 2
1 4
2 3
6 7
0 5
8 10
1 12
10 12
9 11
0 11
5 6
9 4

a 43
vfile
97
6 2
38 0
22 0
77 2
84 0
39 0
32 0
55 0
35 2
67 1
12 0
15 2
75 0
54 2
20 0
70 0
30 1
69 0
5 1
14 1
28 0
24 2
80 1
96 0
8 0
26 0
57 0
41 0
33 2
45 1
46 1
31 0
72 1
4 2
19 2
95 2
62 1
68 0
36 0
27 0
87 1
10 2
74 0
82 0
59 1
92 2
64 0
23 0
49 1
88 0
56 2
11 0
63 1
34 1
66 1
25 0
37 0
43 2
18 0
9 0
94 0
48 1
44 0
52 2
71 0
53 1
91 2
90 2
60 1
16 2
29 1
85 1
83 0
47 1
79 0
3 2
58 2
13 2
93 2
78 1
2 2
7 0
81 0
61 1
65 2
89 1
40 0
17 1
42 1
50 0
86 2
1 0
21 1
0 1
76 0
73 1
51 2

efile
96
38 6
53 71
57 26
40 17
16 60
65 61
73 51
1 86
58 13
93 13
81 7
44 52
2 7
75 15
27 36
20 54
57 41
88 56
0 21
59 92
68 62
49 23
73 76
84 77
10 87
88 49
62 95
79 47
68 36
9 94
0 76
56 11
67 35
74 82
24 28
38 22
75 54
58 3
96 8
64 23
34 66
48 94
43 37
52 71
25 66
5 69
8 26
28 14
46 31
3 79
24 80
40 89
42 50
72 31
10 74
32 55
81 61
48 44
18 43
70 30
85 29
9 18
91 53
1 21
19 4
41 33
50 86
16 29
90 60
27 87
67 12
34 63
33 45
80 96
64 92
83 85
69 30
32 39
89 65
45 46
17 42
83 47
77 22
84 39
25 37
19 95
72 4
90 91
93 78
11 63
20 70
2 78
5 14
12 15
82 59
35 55

a 44
vfile
99
4 1
31 0
87 1
83 0
3 1
84 1
42 2
21 1
30 0
47 2
97 2
68 2
80 0
28 0
1 0
33 0
88 0
59 0
91 1
85 0
23 2
46 0
50 0
41 2
10 0
32 2
69 1
63 2
54 2
13 2
12 1
14 1
71 0
26 2
5 2
56 2
61 0
25 0
29 0
66 2
8 2
34 0
7 1
70 2
22 1
75 2
55 0
64 1
93 2
53 2
73 0
76 1
92 2
6 1
86 2
90 2
95 2
11 0
27 1
43 1
18 1
78 0
65 1
35 1
82 2
16 2
49 1
38 1
79 1
44 0
20 2
24 1
81 2
96 1
72 1
9 2
19 2
89 0
98 1
2 1
60 0
48 2
0 0
77 0
39 0
94 2
51 0
17 2
58 1
74 2
37 0
15 1
62 1
67 2
45 2
36 2
57 1
40 1
52 2

efile
98
26 71
1 33
56 5
53 93
73 53
17 58
54 63
51 94
49 38
80 68
74 37
57 36
41 10
26 5
40 57
11 95
34 7
44 20
91 85
42 84
12 13
85 23
9 19
64 93
66 29
56 61
16 49
75 55
4 31
90 95
77 39
94 39
67 62
88 59
98 2
58 74
27 11
96 72
88 33
32 69
73 76
91 59
17 51
30 47
48 60
8 34
18 78
75 22
37 15
82 35
46 23
38 79
70 7
43 27
62 15
36 45
44 79
80 28
42 21
1 28
41 50
13 54
3 84
92 6
90 86
65 35
32 10
24 20
16 82
89 19
2 60
18 43
72 9
86 6
3 83
83 87
76 92
8 66
0 77
97 68
97 47
96 81
14 71
24 81
64 55
89 98
50 46
25 29
70 22
40 52
25 61
65 78
48 0
67 45
69 63
12 14
21 30
87 31

a 45
vfile
69
67 1
35 1
46 0
3 2
49 2
59 0
64 0
42 1
23 0
9 0
11 0
38 0
18 0
31 1
47 0
53 0
58 2
21 0
17 2
14 2
29 0
43 2
40 0
36 0
4 0
54 2
52 2
39 1
56 1
48 2
30 2
5 2
13 0
28 1
27 1
41 1
65 2
26 0
55 0
66 2
1 0
25 1
37 2
20 0
22 0
12 2
8 0
51 1
24 2
62 1
63 0
19 0
68 2
32 0
0 2
2 0
45 1
16 1
10 1
7 0
33 1
15 2
34 0
60 1
50 1
57 2
61 0
44 1
6 0

efile
68
29 14
26 55
50 60
58 21
65 26
24 51
33 15
64 59
64 42
13 5
17 21
57 61
1 25
47 31
58 53
1 66
44 61
57 50
10 7
0 2
3 46
8 51
56 48
9 11
43 29
11 38
4 54
56 39
27 28
33 7
5 30
17 14
8 12
52 54
40 43
42 23
49 3
49 59
40 36
28 13
66 55
25 37
24 62
12 22
2 45
20 37
32 68
16 45
32 0
16 10
34 15
9 23
52 39
41 27
19 68
36 4
35 67
53 47
18 38
62 63
34 60
44 6
48 30
18 31
35 46
19 63
65 41
20 22

a 46
vfile
23
22 0
5 1
1 2
0 1
8 2
9 1
10 0
13 0
17 2
2 0
14 1
19 0
12 1
4 1
21 1
15 1
7 0
6 1
20 2
18 0
16 2
3 2
11 0

efile
22
19 14
10 13
17 2
11 3
18 20
20 6
0 1
4 21
6 7
5 22
2 14
1 5
16 18
17 13
0 8
9 10
8 9
19 12
12 4
21 15
16 3
7 15

a 47
vfile
47
2 2
43 1
21 0
24 0
22 0
0 1
11 0
17 2
25 0
42 2
44 1
40 1
15 0
23 2
26 0
12 1
29 1
38 0
16 1
20 2
19 1
4 0
1 1
41 1
34 1
30 0
28 2
31 2
14 2
39 2
3 2
18 1
6 1
32 0
5 1
36 1
37 0
33 1
13 2
45 0
35 0
8 2
7 2
9 2
27 0
46 2
10 2

efile
46
17 25
1 4
42 44
29 38
16 38
0 22
40 15
8 7
9 7
10 46
40 44
35 45
0 11
8 35
26 23
45 13
2 43
24 22
41 34
28 30
33 13
32 6
27 46
23 15
12 29
18 6
43 21
18 3
26 12
14 31
34 30
36 37
17 11
14 39
36 5
9 27
33 37
1 41
19 20
32 5
28 31
19 4
3 39
25 42
24 21
16 20

a 48
vfile
49
39 2
22 1
8 0
21 1
7 2
4 1
9 2
6 1
12 0
31 1
23 1
2 2
40 1
38 2
34 0
41 1
35 1
25 0
16 0
26 0
37 1
29 0
0 0
17 2
13 2
33 1
44 1
28 0
19 1
36 1
32 0
24 1
5 1
45 2
18 0
47 1
42 2
20 1
15 2
48 1
43 1
30 2
46 0
1 0
3 1
10 2
27 0
14 0
11 1

efile
48
48 43
32 36
2 23
41 35
0 17
9 4
8 21
16 26
8 22
19 28
41 34
9 6
29 37
0 29
40 38
18 45
42 47
12 31
40 2
26 37
25 35
19 36
12 6
22 39
48 15
24 5
1 3
11 14
4 7
33 44
32 24
42 20
27 14
23 31
44 28
43 30
16 25
17 13
1 46
21 7
34 38
18 47
10 27
10 3
45 5
46 30
20 15
33 13

a 49
vfile
61
50 2
30 2
51 2
22 0
27 1
5 2
16 2
18 2
55 0
6 1
35 2
57 2
3 0
38 0
0 0
60 1
12 1
2 1
21 2
23 0
10 1
17 1
26 2
7 0
53 0
44 0
40 0
47 0
8 1
54 1
42 1
46 0
37 0
59 1
11 1
41 2
39 1
1 2
58 2
29 0
14 1
28 2
31 0
52 1
24 2
19 1
4 2
43 0
25 0
9 0
34 1
20 0
36 1
15 2
45 1
56 1
49 2
48 1
33 2
32 0
13 1

efile
60
17 10
29 14
37 46
3 38
21 23
16 5
40 44
51 30
48 49
17 26
57 3
32 33
24 19
43 4
36 15
11 59
56 45
10 23
59 37
41 11
24 52
20 36
56 49
8 47
6 55
0 38
42 46
28 14
9 34
27 22
0 60
1 39
57 35
51 22
45 15
41 39
44 53
2 21
32 13
25 43
26 7
35 6
16 18
18 55
1 58
50 30
60 12
28 31
27 5
8 54
25 9
19 4
52 31
34 20
53 7
2 12
42 54
58 29
48 33
40 47

a 50
vfile
36
16 0
21 1
14 1
20 1
4 0
9 0
13 2
17 0
31 2
27 2
34 0
29 2
26 1
1 1
25 0
18 2
28 1
33 0
6 1
5 1
23 2
15 2
8 0
11 0
30 2
7 2
3 0
0 2
22 0
35 0
24 1
12 0
32 1
2 1
10 2
19 2

efile
35
18 28
0 22
16 21
20 14
33 28
9 4
24 35
1 25
25 18
34 29
9 13
17 31
0 3
5 23
15 23
5 6
10 19
24 12
21 14
8 15
26 29
30 7
32 12
3 7
27 31
32 2
17 13
20 4
1 26
8 11
2 10
35 22
34 27
33 6
11 30

transform cost 0 (1)
vfile
12
0 1
1 2
2 0
3 0
4 2
5 2
6 0
7 1
8 0
9 1
10 1
11 1

efile
17
0 1
0 4
4 5
4 8
8 9
1 5
5 9
1 2
5 6
9 10
2 6
6 10
2 3
6 7
10 11
3 7
7 11

transform cost 0 (2)
vfile
15
0 0
1 1
2 2
3 2
4 1
5 0
6 0
7 2
8 1
9 0
10 0
11 2
12 1
13 2
14 1

efile
22
0 1
0 5
5 6
5 10
10 11
1 6
6 11
1 2
7 7
11 12
2 7
7 12
2 3
7 8
12 13
3 8
8 13
3 4
8 9
13 14
4 9
9 14

same dictionary entries
vfile
15
0 0
1 1
2 2
3 2
4 1
5 0
6 0
7 2
8 1
9 0
10 0
11 2
12 1
13 2
14 1

efile
22
0 1
0 5
5 6
5 10
10 11
1 6
6 11
1 2
7 7
11 12
2 7
7 12
2 3
7 8
12 13
3 8
8 13
3 4
8 9
13 14
4 9
9 14

all plain
vfile
15
0 0
1 0
2 0
3 0
4 0
5 0
6 0
7 0
8 0
9 0
10 0
11 0
12 0
13 0
14 0

efile
22
0 1
0 5
5 6
5 10
10 11
1 6
6 11
1 2
7 7
11 12
2 7
7 12
2 3
7 8
12 13
3 8
8 13
3 4
8 9
13 14
4 9
9 14

all hill
vfile
15
0 1
1 1
2 1
3 1
4 1
5 1
6 1
7 1
8 1
9 1
10 1
11 1
12 1
13 1
14 1

efile
22
0 1
0 5
5 6
5 10
10 11
1 6
6 11
1 2
7 7
11 12
2 7
7 12
2 3
7 8
12 13
3 8
8 13
3 4
8 9
13 14
4 9
9 14

all swamp
vfile
15
0 2
1 2
2 2
3 2
4 2
5 2
6 2
7 2
8 2
9 2
10 2
11 2
12 2
13 2
14 2

efile
22
0 1
0 5
5 6
5 10
10 11
1 6
6 11
1 2
7 7
11 12
2 7
7 12
2 3
7 8
12 13
3 8
8 13
3 4
8 9
13 14
4 9
9 14

alika
vfile
88
40 0
57 2
44 2
33 0
53 0
27 0
48 2
56 0
28 1
29 0
30 2
37 2
75 1
36 1
45 0
82 1
5 1
23 1
8 2
81 1
21 0
18 2
11 1
78 0
47 2
22 1
1 0
12 1
83 1
9 2
20 1
71 0
32 2
34 0
86 0
66 2
77 2
67 2
58 1
42 2
7 2
76 1
79 1
80 0
26 2
63 0
41 1
3 0
4 1
73 0
6 1
85 1
46 0
59 2
69 1
13 1
61 0
15 0
65 0
2 0
70 2
16 0
87 2
43 0
50 2
60 0
25 1
55 1
19 2
17 2
38 1
14 2
64 1
10 0
72 0
62 0
39 2
68 1
0 1
49 2
52 1
24 2
51 2
31 0
74 0
84 0
35 2
54 1

efile
88
40 38
57 29
44 54
33 71
53 65
27 30
48 33
56 41
28 0
29 22
30 55
37 70
75 81
36 77
45 39
82 62
5 50
23 63
8 69
81 26
21 18
18 12
11 4
78 72
47 14
22 46
1 9
12 78
83 86
9 11
20 16
71 15
32 53
34 83
86 35
66 64
77 52
67 60
58 31
42 6
7 49
76 79
79 19
80 36
26 82
63 20
41 17
3 34
4 21
73 2
6 57
85 32
46 59
59 10
69 74
13 27
61 5
15 37
65 23
2 87
70 80
16 43
87 13
43 76
50 75
60 25
25 7
55 3
19 45
17 84
38 67
14 48
64 40
10 68
72 8
62 24
39 44
68 73
0 42
49 56
52 47
24 58
51 28
31 51
74 1
84 66
35 61
54 85